1 0.1390625 0.82109375 0.0796875 0.08125
1 0.4 0.81796875 0.07109375 0.08125
1 0.78671875 0.81640625 0.0671875 0.090625
1 0.3625 0.7359375 0.06015625 0.0765625
1 0.71796875 0.584375 0.02578125 0.03046875
1 0.66484375 0.85703125 0.0953125 0.11640625
1 0.4078125 0.6140625 0.0421875 0.0515625
1 0.67265625 0.69296875 0.0515625 0.0640625
1 0.721875 0.6 0.028125 0.03125
1 0.67265625 0.5984375 0.040625 0.0390625
1 0.55703125 0.55234375 0.0265625 0.02578125
1 0.66796875 0.6515625 0.04296875 0.04140625
1 0.525 0.62890625 0.0421875 0.04296875
1 0.453125 0.88828125 0.1078125 0.125
1 0.5546875 0.74765625 0.06328125 0.06640625
1 0.66953125 0.75546875 0.06015625 0.06328125
1 0.70390625 0.6703125 0.04375 0.05234375
1 0.65078125 0.78515625 0.0703125 0.0703125
1 0.7375 0.6296875 0.03984375 0.053125
1 0.6203125 0.584375 0.03359375 0.03671875
1 0.57734375 0.675 0.05078125 0.053125
1 0.61640625 0.553125 0.03046875 0.034375
1 0.6609375 0.565625 0.03203125 0.03515625
1 0.60234375 0.62734375 0.03515625 0.03984375
1 0.59921875 0.6515625 0.04296875 0.046875
1 0.50234375 0.6734375 0.05234375 0.065625
1 0.7328125 0.5796875 0.021875 0.02265625
1 0.4890625 0.7140625 0.05078125 0.05546875
1 0.4515625 0.740625 0.0765625 0.08359375
1 0.07734375 0.60546875 0.040625 0.0390625
1 0.58359375 0.55 0.01953125 0.0203125
1 0.2046875 0.53984375 0.028125 0.0203125
1 0.496875 0.5453125 0.021875 0.02578125
1 0.58515625 0.71796875 0.05859375 0.059375
1 0.45390625 0.571875 0.03359375 0.04140625
1 0.6578125 0.5484375 0.021875 0.02265625
1 0.4890625 0.8203125 0.09453125 0.11484375
1 0.8515625 0.86015625 0.11953125 0.16171875
1 0.26171875 0.54609375 0.03515625 0.0375
1 0.0328125 0.5953125 0.0359375 0.04453125
1 0.2265625 0.5203125 0.021875 0.015625
1 0.5609375 0.5484375 0.00859375 0.0125
1 0.68984375 0.54453125 0.0109375 0.01953125
1 0.18046875 0.55546875 0.0203125 0.03046875
1 0.6734375 0.546875 0.01328125 0.01953125
1 0.91640625 0.58359375 0.04296875 0.03046875
1 0.090625 0.5671875 0.02109375 0.02109375
1 0.2859375 0.53203125 0.02578125 0.02265625
3 0.76640625 0.71171875 0.06875 0.09453125
1 0.15390625 0.540625 0.01875 0.0328125
1 0.01328125 0.5765625 0.02578125 0.03203125
1 0.6703125 0.725 0.046875 0.0484375
1 0.98359375 0.62421875 0.028125 0.02265625
1 0.00859375 0.63359375 0.015625 0.05234375
3 0.6671875 0.51640625 0.03125 0.04609375