0 0.7703125 0.3046875 0.1015625 0.175
2 0.8859375 0.5125 0.03046875 0.09375
1 0.4515625 0.43984375 0.08203125 0.11875
3 0.15625 0.50546875 0.11953125 0.18046875
2 0.9484375 0.5171875 0.0234375 0.0734375
2 0.3578125 0.446875 0.02578125 0.0703125
1 0.240625 0.415625 0.08671875 0.08359375
1 0.4390625 0.25546875 0.03671875 0.06171875
1 0.4859375 0.196875 0.02578125 0.053125
2 0.44453125 0.3609375 0.021875 0.05078125
1 0.83515625 0.3234375 0.03828125 0.0625
1 0.91484375 0.34765625 0.0859375 0.06640625
2 0.6390625 0.234375 0.0125 0.03125
2 0.184375 0.6390625 0.03671875 0.0921875
1 0.5203125 0.0984375 0.015625 0.0265625
1 0.7359375 0.19375 0.03203125 0.03671875
2 0.990625 0.57265625 0.01796875 0.05859375
1 0.59453125 0.203125 0.028125 0.05
2 0.46484375 0.31875 0.01640625 0.03671875
1 0.53203125 0.0828125 0.01328125 0.01875
1 0.509375 0.13125 0.01953125 0.03046875
1 0.53515625 0.1328125 0.01953125 0.0453125
2 0.565625 0.21171875 0.009375 0.03203125
1 0.559375 0.1 0.01640625 0.025
1 0.7234375 0.17890625 0.025 0.03046875
1 0.55703125 0.1171875 0.01796875 0.0390625
1 0.6984375 0.14765625 0.02265625 0.02890625
1 0.65703125 0.09140625 0.01484375 0.02421875
2 0.6390625 0.15234375 0.0078125 0.02421875
2 0.69609375 0.3484375 0.0140625 0.0640625
3 0.58828125 0.13984375 0.02421875 0.06015625
3 0.5875 0.09140625 0.02890625 0.03203125
1 0.63125 0.09921875 0.0140625 0.02890625