2 0.403125 0.42578125 0.0375 0.090625
3 0.86484375 0.85390625 0.26953125 0.21875
1 0.9203125 0.3484375 0.09453125 0.0734375
1 0.2453125 0.41484375 0.0859375 0.08671875
1 0.4390625 0.25625 0.03671875 0.06484375
1 0.7625 0.23828125 0.03828125 0.05625
1 0.80234375 0.290625 0.040625 0.0546875
1 0.7359375 0.19296875 0.03125 0.0359375
1 0.8296875 0.3234375 0.0515625 0.0671875
1 0.4859375 0.19609375 0.028125 0.05078125
2 0.78203125 0.365625 0.01796875 0.06953125
1 0.72265625 0.1796875 0.0265625 0.03359375
1 0.503125 0.9171875 0.215625 0.1578125
3 0.5234375 0.24765625 0.03984375 0.08984375
1 0.5828125 0.10234375 0.0171875 0.02421875
1 0.51015625 0.12734375 0.02265625 0.03671875
1 0.71484375 0.1671875 0.01953125 0.0328125
1 0.5203125 0.1015625 0.01953125 0.0359375
1 0.69375 0.13828125 0.01953125 0.03125
3 0.590625 0.159375 0.03359375 0.0921875
3 0.54375 0.13125 0.02734375 0.08046875