2 0.33203125 0.484375 0.03046875 0.06484375
1 0.39765625 0.4984375 0.090625 0.1296875
3 0.1484375 0.49765625 0.128125 0.18046875
0 0.56875 0.234375 0.03203125 0.06640625
3 0.54140625 0.16640625 0.02734375 0.053125
1 0.23984375 0.4140625 0.08984375 0.084375
1 0.440625 0.2546875 0.03671875 0.0609375
1 0.91484375 0.346875 0.0859375 0.06796875
1 0.82890625 0.321875 0.0515625 0.065625
3 0.5875 0.15234375 0.02890625 0.0625
1 0.48671875 0.19609375 0.02734375 0.053125
1 0.803125 0.290625 0.04296875 0.0515625
3 0.71015625 0.25546875 0.0546875 0.08046875
1 0.7625 0.2359375 0.03984375 0.05
3 0.584375 0.08984375 0.02265625 0.03125
3 0.553125 0.10078125 0.01875 0.03359375
3 0.1140625 0.77265625 0.171875 0.196875
1 0.5953125 0.1953125 0.02734375 0.053125
2 0.6765625 0.30703125 0.01640625 0.04609375
1 0.53125 0.08359375 0.01484375 0.02421875
1 0.72265625 0.1796875 0.0265625 0.03203125
1 0.73671875 0.19296875 0.03125 0.034375
1 0.7 0.14453125 0.025 0.03125
1 0.52109375 0.10078125 0.01796875 0.03359375
1 0.51171875 0.12734375 0.021875 0.034375
1 0.71640625 0.165625 0.021875 0.0296875
0 0.61484375 0.05390625 0.01796875 0.0328125
2 0.221875 0.55078125 0.0390625 0.07265625
2 0.19453125 0.6328125 0.05078125 0.08515625
2 0.12890625 0.6296875 0.0421875 0.08828125