2 0.20859375 0.49296875 0.02421875 0.09765625
3 0.27265625 0.42265625 0.0734375 0.15078125
1 0.68984375 0.5484375 0.1109375 0.15390625
1 0.634375 0.41015625 0.09296875 0.10859375
1 0.559375 0.2546875 0.0375 0.06171875
1 0.08359375 0.35 0.0859375 0.0703125
3 0.47265625 0.5609375 0.15078125 0.2359375
1 0.5140625 0.196875 0.02890625 0.0515625
2 0.26171875 0.28515625 0.01484375 0.04609375
3 0.53671875 0.88984375 0.1140625 0.1875
3 0.4078125 0.1765625 0.034375 0.065625
3 0.33828125 0.3390625 0.0578125 0.12578125
1 0.171875 0.3234375 0.05 0.065625
1 0.2640625 0.19140625 0.03046875 0.03359375
1 0.1953125 0.290625 0.0390625 0.05
3 0.85078125 0.4984375 0.1296875 0.18125
3 0.35625 0.14140625 0.02578125 0.05390625
1 0.278125 0.1796875 0.02421875 0.0328125
1 0.47890625 0.096875 0.01796875 0.02734375
2 0.21796875 0.384375 0.0265625 0.06796875
2 0.24375 0.5421875 0.0234375 0.06640625
1 0.49140625 0.13125 0.02109375 0.0328125
1 0.23828125 0.2234375 0.02734375 0.0296875
2 0.2765625 0.25703125 0.0125 0.03671875
3 0.45625 0.12578125 0.0203125 0.0390625
3 0.43671875 0.1359375 0.02265625 0.0390625
2 0.41015625 0.28828125 0.0140625 0.040625
2 0.2984375 0.2375 0.0109375 0.03125
2 0.23828125 0.3296875 0.01875 0.0453125
2 0.31875 0.209375 0.009375 0.03046875
2 0.2984375 0.253125 0.0109375 0.0234375
2 0.31015625 0.20078125 0.01015625 0.025
2 0.25 0.234375 0.0125 0.02890625
1 0.46875 0.09609375 0.0140625 0.02578125
2 0.33203125 0.171875 0.01015625 0.034375
2 0.34375 0.184375 0.01171875 0.028125
2 0.22421875 0.24609375 0.0125 0.02734375
2 0.50625 0.15625 0.0125 0.0265625
1 0.42109375 0.084375 0.01640625 0.021875