1 0.45625 0.46484375 0.146875 0.0671875
1 0.740625 0.39296875 0.11875 0.053125
1 0.73828125 0.29921875 0.078125 0.0484375
1 0.35 0.71171875 0.2046875 0.11875
1 0.7390625 0.4671875 0.1375 0.07578125
1 0.52109375 0.37734375 0.1171875 0.05546875
1 0.4578125 0.25703125 0.084375 0.06015625
1 0.57265625 0.27421875 0.11875 0.0671875
1 0.39453125 0.5953125 0.2046875 0.10703125
1 0.47890625 0.21328125 0.07109375 0.0375
3 0.26328125 0.32421875 0.1875 0.19140625
1 0.75859375 0.33671875 0.08203125 0.03515625
0 0.1140625 0.46640625 0.2265625 0.321875
1 0.7390625 0.25390625 0.071875 0.05078125
1 0.684375 0.14375 0.0796875 0.03203125
1 0.5484375 0.1125 0.0765625 0.02890625
1 0.76328125 0.371875 0.08671875 0.04609375
1 0.63203125 0.20390625 0.06328125 0.046875
1 0.0171875 0.6953125 0.03359375 0.07890625
1 0.19296875 0.89375 0.3234375 0.2125