2 0.28046875 0.6796875 0.02890625 0.10859375
1 0.19765625 0.6796875 0.1171875 0.21640625
3 0.3375 0.33203125 0.0828125 0.184375
1 0.259375 0.5390625 0.08046875 0.128125
1 0.5609375 0.2546875 0.03671875 0.059375
1 0.39375 0.3078125 0.0421875 0.0671875
1 0.49765625 0.28515625 0.04140625 0.078125
1 0.08515625 0.3484375 0.08671875 0.0671875
1 0.75703125 0.41640625 0.0859375 0.08828125
3 0.45234375 0.16875 0.02890625 0.06015625
1 0.51484375 0.196875 0.0265625 0.05
3 0.85078125 0.5015625 0.13203125 0.17734375
1 0.38671875 0.27109375 0.02578125 0.05
1 0.16953125 0.321875 0.0484375 0.0625
2 0.4828125 0.1734375 0.01015625 0.02890625
1 0.47890625 0.0984375 0.01796875 0.02890625
1 0.2640625 0.1921875 0.03125 0.034375
1 0.1953125 0.29296875 0.0421875 0.053125
1 0.41640625 0.15546875 0.01640625 0.02265625
1 0.46875 0.090625 0.0140625 0.02109375
1 0.27734375 0.18046875 0.02734375 0.0328125
1 0.2375 0.23671875 0.0390625 0.053125
1 0.4890625 0.1265625 0.02109375 0.03046875
1 0.4078125 0.20703125 0.025 0.0421875
3 0.41953125 0.090625 0.021875 0.0359375
3 0.446875 0.09453125 0.021875 0.0421875