2 0.3140625 0.49609375 0.0484375 0.0953125
0 0.765625 0.315625 0.05859375 0.0921875
1 0.70390625 0.31484375 0.053125 0.06796875
3 0.14453125 0.49609375 0.1234375 0.18046875
1 0.8296875 0.32265625 0.0484375 0.065625
1 0.7 0.23203125 0.0328125 0.04921875
1 0.80390625 0.28984375 0.04140625 0.04921875
1 0.7625 0.23671875 0.03671875 0.053125
1 0.4859375 0.196875 0.02734375 0.05703125
1 0.7 0.14609375 0.0234375 0.028125
1 0.5953125 0.19375 0.025 0.04609375
1 0.4390625 0.2546875 0.0359375 0.0625
1 0.9140625 0.346875 0.08671875 0.06796875
1 0.240625 0.4140625 0.08671875 0.08515625
1 0.509375 0.128125 0.01953125 0.03203125
1 0.65078125 0.1796875 0.0296875 0.06328125
1 0.7234375 0.18046875 0.025 0.0328125
1 0.7359375 0.19296875 0.03046875 0.034375
1 0.71640625 0.1671875 0.021875 0.03125
1 0.53125 0.08359375 0.0140625 0.02109375
1 0.64765625 0.10390625 0.01796875 0.01875
1 0.52109375 0.0984375 0.01640625 0.028125
1 0.6578125 0.090625 0.015625 0.02109375
0 0.63984375 0.13984375 0.028125 0.0421875
3 0.5859375 0.14609375 0.0296875 0.06875
3 0.58125 0.0875 0.02109375 0.046875
3 0.61171875 0.09296875 0.0234375 0.04296875
2 0.5390625 0.14921875 0.0078125 0.03359375
2 0.54453125 0.11796875 0.009375 0.0265625