3 0.78828125 0.70546875 0.10390625 0.240625
1 0.69921875 0.446875 0.071875 0.11796875
1 0.65703125 0.3671875 0.05078125 0.0859375
1 0.4390625 0.25625 0.0375 0.0640625
1 0.26640625 0.55 0.121875 0.14921875
1 0.8296875 0.32265625 0.04765625 0.0625
1 0.24375 0.415625 0.08359375 0.0875
1 0.91484375 0.34921875 0.08671875 0.06953125
1 0.5765625 0.246875 0.03203125 0.0515625
1 0.4859375 0.196875 0.02734375 0.05546875
1 0.80546875 0.2921875 0.04453125 0.0515625
3 0.621875 0.24921875 0.065625 0.13359375
1 0.76171875 0.2359375 0.03671875 0.05390625
1 0.534375 0.17890625 0.0234375 0.0484375
1 0.73515625 0.1921875 0.03359375 0.034375
3 0.14921875 0.5015625 0.1328125 0.1796875
1 0.58515625 0.1515625 0.0203125 0.040625
1 0.61328125 0.09296875 0.0171875 0.02578125
1 0.5109375 0.12578125 0.0203125 0.0328125
1 0.7234375 0.1796875 0.02421875 0.0296875
1 0.7171875 0.1671875 0.02265625 0.03125
1 0.578125 0.1203125 0.01640625 0.021875
1 0.53125 0.0859375 0.01484375 0.01953125
1 0.521875 0.09609375 0.015625 0.02265625
2 0.60546875 0.35546875 0.0203125 0.059375
2 0.56953125 0.17578125 0.01015625 0.04140625