1 0.68671875 0.55546875 0.0515625 0.10546875
1 0.9203125 0.78359375 0.0796875 0.14296875
1 0.22890625 0.3921875 0.03984375 0.07734375
1 0.6890625 0.81796875 0.078125 0.153125
1 0.775 0.67890625 0.0734375 0.1625
1 0.76640625 0.76328125 0.071875 0.140625
1 0.61875 0.6015625 0.059375 0.10625
1 0.22890625 0.72578125 0.071875 0.1015625
1 0.37109375 0.4703125 0.0390625 0.07265625
1 0.3703125 0.73359375 0.07265625 0.121875
1 0.37109375 0.621875 0.06328125 0.09375
1 0.64375 0.74140625 0.07109375 0.14453125
1 0.63828125 0.46875 0.046875 0.090625
1 0.67578125 0.36953125 0.034375 0.07109375
1 0.2609375 0.59140625 0.06015625 0.084375
1 0.19609375 0.9234375 0.10546875 0.1515625
3 0.7578125 0.40859375 0.07578125 0.2671875
1 0.6296875 0.415625 0.0390625 0.078125
1 0.59609375 0.3578125 0.034375 0.0859375
1 0.5375 0.3578125 0.0390625 0.084375
1 0.2875 0.42578125 0.0625 0.10390625
1 0.67421875 0.2828125 0.02890625 0.0578125
1 0.5125 0.309375 0.028125 0.05703125
3 0.63203125 0.24296875 0.04921875 0.13515625
1 0.5734375 0.290625 0.0359375 0.0703125
1 0.63125 0.66875 0.05234375 0.1203125
1 0.37734375 0.52421875 0.04609375 0.0609375
1 0.24140625 0.33515625 0.03515625 0.065625
3 0.13359375 0.51640625 0.09609375 0.3203125
1 0.34375 0.22578125 0.03984375 0.053125
3 0.05625 0.6984375 0.1125 0.434375
1 0.371875 0.3859375 0.03984375 0.07890625
1 0.7078125 0.24765625 0.0234375 0.0421875
1 0.51484375 0.27734375 0.03046875 0.0578125
3 0.27109375 0.20234375 0.04765625 0.10078125
1 0.37890625 0.57890625 0.04921875 0.07109375
1 0.6046875 0.278125 0.009375 0.025
1 0.721875 0.33046875 0.01484375 0.07109375
3 0.525 0.16484375 0.04140625 0.0921875