1 0.46875 0.08359375 0.0140625 0.02265625
1 0.2765625 0.1796875 0.02578125 0.03046875
1 0.2640625 0.19375 0.03125 0.03515625
1 0.47890625 0.1015625 0.01640625 0.03125
1 0.44765625 0.15 0.01953125 0.03515625
1 0.490625 0.12734375 0.01875 0.0328125
1 0.353125 0.08828125 0.02421875 0.0265625
1 0.45625 0.184375 0.02578125 0.03984375
2 0.29765625 0.5109375 0.0328125 0.09375
1 0.40390625 0.19609375 0.0265625 0.05
2 0.0859375 0.4265625 0.025 0.0671875
1 0.51484375 0.19765625 0.0265625 0.05390625
1 0.19453125 0.29375 0.04375 0.05546875
1 0.44375 0.109375 0.0171875 0.03203125
3 0.41171875 0.14453125 0.0265625 0.06640625
1 0.16796875 0.32265625 0.04921875 0.065625
0 0.47734375 0.215625 0.028125 0.0625
1 0.56015625 0.25546875 0.034375 0.06171875
1 0.28671875 0.1671875 0.01640625 0.03203125
1 0.23671875 0.2375 0.03828125 0.053125
1 0.384375 0.0640625 0.015625 0.021875
1 0.0859375 0.346875 0.0859375 0.0671875
2 0.284375 0.22421875 0.0109375 0.03125
1 0.1796875 0.23359375 0.0328125 0.04140625
1 0.29765625 0.146875 0.0203125 0.0296875
1 0.7609375 0.41328125 0.08828125 0.084375
2 0.303125 0.22734375 0.0109375 0.03125
2 0.47890625 0.1671875 0.0078125 0.01875
3 0.415625 0.08828125 0.0234375 0.03203125
1 0.4671875 0.1 0.01328125 0.02265625
2 0.46640625 0.15859375 0.01015625 0.01953125
0 0.3328125 0.153125 0.04921875 0.0734375
3 0.8546875 0.496875 0.11640625 0.18515625
0 0.1859375 0.4359375 0.07890625 0.13828125