2 0.33515625 0.3390625 0.02109375 0.06015625
0 0.61171875 0.43515625 0.0953125 0.14375
1 0.4984375 0.34140625 0.04375 0.09296875
3 0.8515625 0.49453125 0.12578125 0.1765625
1 0.47578125 0.253125 0.03125 0.0609375
1 0.5609375 0.25625 0.03671875 0.06484375
1 0.17109375 0.3234375 0.0484375 0.0671875
2 0.525 0.30234375 0.01484375 0.04375
1 0.51484375 0.196875 0.02578125 0.05234375
1 0.196875 0.29140625 0.04140625 0.0515625
1 0.2375 0.23828125 0.03828125 0.05546875
2 0.38984375 0.30390625 0.01640625 0.034375
2 0.83203125 0.60546875 0.0390625 0.07734375
1 0.4640625 0.19609375 0.0234375 0.04609375
1 0.4625 0.13359375 0.0234375 0.03828125
1 0.08515625 0.35 0.0859375 0.06953125
1 0.48984375 0.12734375 0.02109375 0.03359375
2 0.36484375 0.315625 0.0125 0.0359375
1 0.759375 0.41640625 0.08671875 0.08671875
1 0.2765625 0.18046875 0.02578125 0.03203125
1 0.26328125 0.1921875 0.03125 0.034375
1 0.4171875 0.10390625 0.01796875 0.028125
2 0.5015625 0.24453125 0.01640625 0.0375
1 0.4796875 0.10390625 0.0171875 0.03515625
1 0.284375 0.16640625 0.02265625 0.03125
1 0.41171875 0.1265625 0.0234375 0.03125
2 0.4734375 0.16953125 0.00859375 0.0296875
3 0.40546875 0.1796875 0.04296875 0.12890625
1 0.3 0.14375 0.02578125 0.0375
3 0.2171875 0.84296875 0.4296875 0.25625