1 0.16875 0.7765625 0.11171875 0.246875
3 0.60078125 0.4125 0.121875 0.1921875
3 0.85078125 0.50234375 0.13046875 0.18125
1 0.084375 0.34921875 0.0859375 0.06875
1 0.27265625 0.4921875 0.06953125 0.10859375
3 0.34375 0.3421875 0.05234375 0.1015625
1 0.384375 0.25859375 0.03828125 0.065625
1 0.56015625 0.25390625 0.0359375 0.06171875
1 0.75859375 0.41484375 0.0859375 0.08671875
1 0.40625 0.23671875 0.02890625 0.04921875
1 0.16875 0.321875 0.04921875 0.0625
1 0.1953125 0.29140625 0.04375 0.05390625
1 0.5140625 0.19609375 0.0265625 0.05234375
1 0.4703125 0.1984375 0.028125 0.04921875
1 0.44765625 0.09921875 0.01640625 0.03046875
1 0.43671875 0.134375 0.0171875 0.0328125
1 0.4203125 0.1046875 0.0203125 0.03203125
1 0.27734375 0.1796875 0.02578125 0.03125
1 0.48828125 0.12734375 0.02265625 0.03359375
1 0.48125 0.1 0.0203125 0.03828125
3 0.3390625 0.140625 0.0265625 0.06015625
1 0.2375 0.2375 0.040625 0.05703125
1 0.28515625 0.16640625 0.02109375 0.03125
1 0.26328125 0.1921875 0.03203125 0.03359375
3 0.40703125 0.17265625 0.03125 0.0859375
2 0.43515625 0.16875 0.01015625 0.0296875
3 0.371875 0.11953125 0.01796875 0.05