1 0.5015625 0.659375 0.10234375 0.16015625
1 0.35625 0.28984375 0.04140625 0.05703125
1 0.521875 0.128125 0.02109375 0.03125
1 0.41875 0.18203125 0.03046875 0.04453125
1 0.4078125 0.22109375 0.034375 0.05
1 0.35234375 0.434375 0.065625 0.08828125
1 0.53125 0.18125 0.025 0.0359375
1 0.66640625 0.28125 0.03828125 0.0484375
1 0.58203125 0.18515625 0.028125 0.03671875
1 0.3328125 0.5796875 0.08203125 0.11875
1 0.696875 0.30390625 0.046875 0.06328125
1 0.41484375 0.07578125 0.01875 0.02421875
1 0.6390625 0.2375 0.03828125 0.04765625
1 0.46328125 0.49140625 0.07578125 0.1015625
1 0.546875 0.1421875 0.02265625 0.0359375
1 0.415625 0.14375 0.0234375 0.0296875
1 0.48671875 0.11484375 0.01875 0.02578125
1 0.94765625 0.74296875 0.09375 0.134375
3 0.3625 0.2015625 0.05625 0.12578125
1 0.64140625 0.1828125 0.028125 0.0328125
1 0.98046875 0.6046875 0.0390625 0.10859375
1 0.390625 0.04140625 0.021875 0.046875
3 0.2921875 0.2015625 0.05625 0.12421875
1 0.54609375 0.0203125 0.01484375 0.02734375
1 0.56640625 0.1625 0.02734375 0.046875
3 0.8765625 0.309375 0.0984375 0.23359375
1 0.565625 0.05703125 0.01640625 0.02734375
3 0.76875 0.23203125 0.07109375 0.1953125
3 0.26015625 0.3 0.07109375 0.15
1 0.62109375 0.1984375 0.03984375 0.06640625
1 0.559375 0.0875 0.01953125 0.03828125
3 0.5828125 0.11328125 0.03359375 0.08125
1 0.3171875 0.12265625 0.04296875 0.0703125
1 0.9796875 0.80859375 0.040625 0.2046875
3 0.14609375 0.55234375 0.13125 0.27734375
3 0.4421875 0.03125 0.021875 0.04921875
1 0.55 0.11171875 0.0296875 0.05
3 0.3734375 0.109375 0.03359375 0.065625
1 0.5453125 0.07265625 0.01875 0.03984375
1 0.459375 0.06953125 0.01484375 0.03984375
1 0.39765625 0.07890625 0.015625 0.03125
3 0.084375 0.76640625 0.165625 0.4609375
1 0.33515625 0.1109375 0.01796875 0.05234375
1 0.38984375 0.065625 0.01875 0.0328125
1 0.85234375 0.51328125 0.08828125 0.14296875