1 0.240625 0.30625 0.05390625 0.0625
1 0.0703125 0.328125 0.06875 0.05
1 0.5609375 0.19765625 0.0140625 0.01875
1 0.28671875 0.29453125 0.05546875 0.05703125
1 0.459375 0.21796875 0.02109375 0.015625
3 0.778125 0.20625 0.06171875 0.07734375
1 0.0578125 0.39921875 0.08984375 0.08984375
1 0.2890625 0.2609375 0.04296875 0.03046875
1 0.87265625 0.38515625 0.08046875 0.06640625
1 0.025 0.30234375 0.05 0.0515625
1 0.43125 0.3546875 0.07734375 0.065625
1 0.403125 0.41796875 0.09375 0.0890625
1 0.24765625 0.26015625 0.0453125 0.0328125
1 0.5453125 0.44921875 0.09765625 0.10546875
1 0.8984375 0.496875 0.10546875 0.10859375
3 0.69296875 0.1890625 0.0171875 0.0328125
1 0.28359375 0.53203125 0.125 0.1234375
3 0.6578125 0.21171875 0.04140625 0.0484375
1 0.94296875 0.6109375 0.1140625 0.146875
1 0.58515625 0.3703125 0.08515625 0.08515625
1 0.46640625 0.63671875 0.12109375 0.1546875
1 0.43125 0.22734375 0.0359375 0.02578125
1 0.48671875 0.53671875 0.11640625 0.1359375
1 0.7421875 0.80546875 0.16953125 0.18515625
1 0.196875 0.6484375 0.1515625 0.15390625
1 0.3515625 0.4609375 0.10703125 0.11484375
1 0.5328125 0.2125 0.02265625 0.02109375
3 0.6421875 0.240625 0.04765625 0.06796875
1 0.53828125 0.175 0.03046875 0.015625
1 0.49453125 0.228125 0.03125 0.02421875
1 0.7109375 0.71484375 0.1625 0.175
1 0.61953125 0.18671875 0.0203125 0.02734375
3 0.72265625 0.30703125 0.0953125 0.1578125
3 0.5953125 0.18203125 0.034375 0.0453125
3 0.715625 0.18671875 0.0328125 0.04375
1 0.73359375 0.60390625 0.14296875 0.1359375
3 0.5 0.28671875 0.06796875 0.10390625
3 0.67421875 0.18203125 0.01875 0.0234375
1 0.86796875 0.43984375 0.0875 0.09765625
1 0.50703125 0.1796875 0.02109375 0.0171875
3 0.709375 0.25 0.0609375 0.059375
1 0.6328125 0.1875 0.0140625 0.021875
1 0.584375 0.31484375 0.06484375 0.0515625
1 0.6453125 0.18359375 0.01484375 0.01484375
1 0.915625 0.45859375 0.0796875 0.06875
1 0.58125 0.24921875 0.04375 0.05625
1 0.18203125 0.24296875 0.021875 0.009375
1 0.5140625 0.209375 0.028125 0.03046875
3 0.86875 0.30390625 0.0703125 0.10078125
1 0.8171875 0.3140625 0.04609375 0.065625
1 0.54140625 0.26171875 0.0421875 0.0515625
1 0.61640625 0.2921875 0.05390625 0.05703125
1 0.46171875 0.2046875 0.0203125 0.0234375
1 0.61484375 0.221875 0.025 0.02578125
1 0.6578125 0.1859375 0.01953125 0.0171875
1 0.628125 0.19765625 0.01953125 0.02421875
1 0.48671875 0.1703125 0.0125 0.0125
3 0.71484375 0.2109375 0.0328125 0.03671875
1 0.39921875 0.71015625 0.1796875 0.2328125
1 0.79609375 0.26640625 0.03828125 0.05234375
1 0.6828125 0.30703125 0.01796875 0.06640625
1 0.459375 0.16484375 0.02109375 0.015625
1 0.6046875 0.23125 0.034375 0.03046875
1 0.475 0.16640625 0.01484375 0.0171875
1 0.290625 0.24765625 0.034375 0.0234375
1 0.74609375 0.20625 0.01171875 0.02890625
1 0.5875 0.4109375 0.034375 0.084375
1 0.69609375 0.975 0.16015625 0.046875
1 0.50078125 0.17109375 0.02109375 0.01796875
1 0.98828125 0.7328125 0.0234375 0.1484375