2 0.403125 0.546875 0.0328125 0.09140625
1 0.21171875 0.63515625 0.09296875 0.1546875
3 0.4921875 0.2796875 0.03515625 0.05625
3 0.85078125 0.4953125 0.12421875 0.1828125
2 0.33515625 0.421875 0.01796875 0.053125
1 0.259375 0.30546875 0.04375 0.06328125
2 0.290625 0.4484375 0.0171875 0.0515625
2 0.31484375 0.34609375 0.015625 0.03828125
1 0.2375 0.23671875 0.0390625 0.05234375
1 0.33125 0.2015625 0.03125 0.04609375
1 0.10703125 0.89765625 0.134375 0.1953125
2 0.3125 0.39921875 0.01640625 0.04765625
1 0.19609375 0.2921875 0.0390625 0.05
2 0.2875 0.51640625 0.025 0.065625
1 0.17109375 0.321875 0.05078125 0.0640625
2 0.34921875 0.47421875 0.0203125 0.05625
3 0.9140625 0.925 0.1625 0.15
1 0.6296875 0.48125 0.090625 0.125
1 0.41484375 0.10546875 0.015625 0.0296875
1 0.403125 0.20546875 0.0234375 0.0359375
1 0.60703125 0.7484375 0.13984375 0.1296875
1 0.08515625 0.34921875 0.08671875 0.06875
1 0.32890625 0.15234375 0.0328125 0.0375
2 0.4671875 0.15234375 0.00859375 0.03046875
1 0.2640625 0.19296875 0.0328125 0.0359375
1 0.51484375 0.196875 0.028125 0.053125
1 0.278125 0.18046875 0.0265625 0.03359375
1 0.4890625 0.12890625 0.02109375 0.03359375
1 0.340625 0.1375 0.021875 0.02890625
1 0.4796875 0.103125 0.01640625 0.03671875
2 0.4921875 0.2203125 0.0109375 0.0359375
1 0.5609375 0.25546875 0.03515625 0.0640625
1 0.76171875 0.41328125 0.0875 0.08828125
3 0.4125 0.15390625 0.025 0.05
3 0.44453125 0.12578125 0.021875 0.0546875
1 0.5390625 0.9109375 0.12890625 0.1203125