1 0.72265625 0.17890625 0.025 0.03046875
1 0.7359375 0.19296875 0.03203125 0.034375
1 0.52109375 0.10703125 0.0171875 0.046875
1 0.509375 0.128125 0.01953125 0.03515625
1 0.53125 0.0828125 0.0140625 0.021875
1 0.7609375 0.2359375 0.0375 0.053125
1 0.9140625 0.34765625 0.0859375 0.06796875
1 0.7140625 0.165625 0.01953125 0.02890625
3 0.14765625 0.5 0.134375 0.18671875
1 0.24296875 0.4140625 0.08671875 0.0859375
1 0.4859375 0.196875 0.02734375 0.05390625
1 0.5953125 0.19609375 0.0296875 0.05703125
1 0.43984375 0.25546875 0.03671875 0.0625
1 0.8046875 0.2921875 0.03984375 0.04921875
1 0.83046875 0.32265625 0.0484375 0.06171875
1 0.5828125 0.0921875 0.02890625 0.0421875
3 0.91484375 0.54375 0.12578125 0.2234375
1 0.5515625 0.10859375 0.02578125 0.046875
1 0.6109375 0.05859375 0.01328125 0.02109375
1 0.6984375 0.146875 0.02421875 0.02734375
0 0.6015625 0.29921875 0.04375 0.10234375
1 0.821875 0.23125 0.03359375 0.04296875
1 0.40546875 0.4484375 0.08125 0.1125
3 0.58828125 0.16171875 0.028125 0.040625
3 0.75078125 0.32734375 0.06484375 0.1171875
1 0.53125 0.103125 0.015625 0.03984375
3 0.540625 0.17734375 0.03125 0.08359375
1 0.5671875 0.0515625 0.0171875 0.0484375
1 0.4203125 0.959375 0.0390625 0.0765625
1 0.74296875 0.97734375 0.115625 0.0390625
1 0.50703125 0.09140625 0.0203125 0.034375
1 0.63203125 0.06328125 0.0171875 0.01484375
1 0.4796875 0.1265625 0.01796875 0.03125
1 0.65234375 0.10078125 0.02265625 0.02265625
1 0.60703125 0.09609375 0.0203125 0.05078125