3 0.553125 0.334375 0.134375 0.22734375
1 0.76640625 0.4125 0.09921875 0.08203125
2 0.31640625 0.19296875 0.01796875 0.0296875
1 0.084375 0.34921875 0.08515625 0.06875
1 0.51328125 0.18984375 0.02890625 0.04140625
1 0.16953125 0.321875 0.046875 0.0625
1 0.2640625 0.1921875 0.0328125 0.03515625
1 0.1953125 0.290625 0.03984375 0.0515625
3 0.4078125 0.17578125 0.0390625 0.128125
3 0.85 0.5015625 0.1296875 0.18046875
1 0.27578125 0.18046875 0.0234375 0.03125
1 0.4921875 0.13359375 0.02109375 0.028125
2 0.30859375 0.14453125 0.009375 0.0234375
2 0.009375 0.5734375 0.01796875 0.06171875
1 0.4671875 0.08984375 0.01640625 0.02890625
1 0.28359375 0.165625 0.02109375 0.0296875
2 0.2265625 0.2484375 0.01796875 0.03125
1 0.453125 0.1390625 0.02109375 0.04453125
1 0.23671875 0.2375 0.0390625 0.0546875
1 0.4796875 0.10078125 0.01875 0.03125
1 0.4171875 0.1015625 0.01796875 0.0234375
2 0.51796875 0.15859375 0.01015625 0.02109375
3 0.46640625 0.196875 0.0375 0.08046875