2 0.41015625 0.628125 0.04609375 0.109375
1 0.30625 0.33671875 0.03671875 0.0703125
3 0.8515625 0.49921875 0.1265625 0.18515625
1 0.5140625 0.19609375 0.02734375 0.05390625
1 0.5609375 0.2546875 0.0359375 0.0609375
1 0.403125 0.19140625 0.02578125 0.04296875
1 0.16875 0.321875 0.05 0.0640625
1 0.75859375 0.415625 0.08671875 0.0859375
1 0.196875 0.29140625 0.040625 0.0515625
1 0.08671875 0.346875 0.08515625 0.06796875
1 0.490625 0.12734375 0.01953125 0.0328125
1 0.44296875 0.1171875 0.01875 0.0359375
1 0.2375 0.23515625 0.03984375 0.05390625
1 0.2640625 0.1921875 0.03203125 0.03359375
3 0.46171875 0.209375 0.04765625 0.11484375
1 0.3421875 0.09140625 0.01484375 0.02265625
1 0.27734375 0.1796875 0.0265625 0.03046875
1 0.46875 0.084375 0.01484375 0.02265625
1 0.35703125 0.10859375 0.01875 0.0421875
1 0.47890625 0.09921875 0.0171875 0.02734375
1 0.41171875 0.16796875 0.028125 0.04765625
3 0.41640625 0.09453125 0.0265625 0.03828125
3 0.41015625 0.14765625 0.0296875 0.0578125
2 0.47265625 0.15625 0.009375 0.02421875