2 0.46640625 0.31484375 0.021875 0.06640625
1 0.91328125 0.346875 0.090625 0.05703125
3 0.14453125 0.4984375 0.128125 0.18671875
0 0.7 0.21953125 0.04765625 0.07421875
2 0.525 0.20546875 0.01171875 0.0375
1 0.2421875 0.41328125 0.08515625 0.08515625
1 0.83203125 0.3203125 0.05 0.0609375
1 0.440625 0.25546875 0.03515625 0.0609375
1 0.7359375 0.19375 0.03203125 0.0359375
1 0.76328125 0.2359375 0.03984375 0.0515625
1 0.8046875 0.290625 0.0421875 0.0515625
1 0.5953125 0.19140625 0.025 0.04453125
1 0.4859375 0.196875 0.02734375 0.05546875
3 0.584375 0.08984375 0.025 0.03828125
1 0.659375 0.15 0.0234375 0.03671875
3 0.5546875 0.096875 0.02421875 0.040625
1 0.6578125 0.09140625 0.015625 0.025
3 0.5890625 0.15859375 0.02578125 0.03125
1 0.8125 0.234375 0.0203125 0.03515625
1 0.5109375 0.128125 0.021875 0.034375
1 0.52109375 0.10078125 0.0171875 0.0296875
1 0.7234375 0.17578125 0.025 0.025
1 0.53203125 0.0859375 0.015625 0.02578125
1 0.64453125 0.16796875 0.02109375 0.03125
2 0.49609375 0.2703125 0.01015625 0.04453125