2 0.6859375 0.49609375 0.0484375 0.0953125
0 0.234375 0.315625 0.05859375 0.0921875
1 0.29609375 0.31484375 0.053125 0.06796875
3 0.85546875 0.49609375 0.1234375 0.18046875
1 0.1703125 0.32265625 0.0484375 0.065625
1 0.3 0.23203125 0.0328125 0.04921875
1 0.19609375 0.28984375 0.04140625 0.04921875
1 0.2375 0.23671875 0.03671875 0.053125
1 0.5140625 0.196875 0.02734375 0.05703125
1 0.3 0.14609375 0.0234375 0.028125
1 0.4046875 0.19375 0.025 0.04609375
1 0.5609375 0.2546875 0.0359375 0.0625
1 0.0859375 0.346875 0.08671875 0.06796875
1 0.759375 0.4140625 0.08671875 0.08515625
1 0.490625 0.128125 0.01953125 0.03203125
1 0.34921875 0.1796875 0.0296875 0.06328125
1 0.2765625 0.18046875 0.025 0.0328125
1 0.2640625 0.19296875 0.03046875 0.034375
1 0.28359375 0.1671875 0.021875 0.03125
1 0.46875 0.08359375 0.0140625 0.02109375
1 0.35234375 0.10390625 0.01796875 0.01875
1 0.47890625 0.0984375 0.01640625 0.028125
1 0.3421875 0.090625 0.015625 0.02109375
0 0.36015625 0.13984375 0.028125 0.0421875
3 0.4140625 0.14609375 0.0296875 0.06875
3 0.41875 0.0875 0.02109375 0.046875
3 0.38828125 0.09296875 0.0234375 0.04296875
2 0.4609375 0.14921875 0.0078125 0.03359375
2 0.45546875 0.11796875 0.009375 0.0265625