1 0.39140625 0.8375 0.1234375 0.17578125
1 0.4515625 0.4109375 0.05390625 0.0671875
1 0.37265625 0.62109375 0.08203125 0.096875
1 0.40546875 0.3453125 0.040625 0.05234375
1 0.51484375 0.3046875 0.03125 0.0421875
1 0.52265625 0.28671875 0.03203125 0.04921875
1 0.478125 0.33671875 0.03671875 0.04765625
1 0.49375 0.3671875 0.0421875 0.05546875
1 0.675 0.9203125 0.1328125 0.1515625
1 0.50625 0.459375 0.0609375 0.078125
1 0.725 0.65 0.090625 0.109375
1 0.1953125 0.51171875 0.0671875 0.078125
1 0.28359375 0.28671875 0.02578125 0.0390625
1 0.725 0.49140625 0.06171875 0.08203125
3 0.540625 0.2421875 0.0390625 0.0765625
1 0.303125 0.49140625 0.06640625 0.0765625
1 0.8875 0.5875 0.0765625 0.0921875
1 0.24296875 0.2625 0.0296875 0.0421875
1 0.58515625 0.4609375 0.0546875 0.06875
1 0.54140625 0.41171875 0.04921875 0.05859375
3 0.6 0.3578125 0.0625 0.1234375
1 0.46171875 0.3015625 0.0375 0.059375
1 0.2390625 0.41484375 0.05 0.0578125
1 0.42265625 0.37421875 0.046875 0.06640625
1 0.23828125 0.63671875 0.084375 0.1015625
1 0.1703125 0.39140625 0.0515625 0.0625
1 0.65546875 0.50078125 0.065625 0.0828125
1 0.2453125 0.36328125 0.04453125 0.06640625
3 0.39921875 0.28671875 0.03984375 0.06484375
1 0.20234375 0.29453125 0.03359375 0.03984375
1 0.49375 0.2796875 0.0375 0.04453125
1 0.42265625 0.2859375 0.034375 0.03828125
1 0.60859375 0.28203125 0.02890625 0.03515625
3 0.0640625 0.390625 0.0765625 0.1578125
3 0.065625 0.56484375 0.09296875 0.15546875
1 0.5515625 0.278125 0.03828125 0.046875
1 0.45703125 0.2796875 0.01875 0.0265625
1 0.29140625 0.27265625 0.0515625 0.04765625
1 0.44921875 0.31875 0.00859375 0.01328125
1 0.4546875 0.32734375 0.02265625 0.04140625
3 0.17265625 0.24609375 0.04921875 0.07734375
3 0.2140625 0.26953125 0.0328125 0.04296875
1 0.596875 0.31328125 0.04765625 0.05546875
1 0.009375 0.30390625 0.0171875 0.03671875