1 0.63046875 0.13828125 0.01875 0.034375
1 0.6671875 0.190625 0.0265625 0.03359375
1 0.72265625 0.1796875 0.0265625 0.0328125
1 0.52109375 0.096875 0.01796875 0.0296875
1 0.64609375 0.11328125 0.01328125 0.02734375
1 0.7359375 0.19296875 0.03203125 0.034375
1 0.76171875 0.23203125 0.03203125 0.04453125
1 0.63828125 0.46328125 0.065625 0.0859375
1 0.7171875 0.165625 0.021875 0.0296875
1 0.51015625 0.12734375 0.021875 0.0328125
1 0.80546875 0.2921875 0.0421875 0.0515625
1 0.91328125 0.346875 0.0859375 0.0703125
1 0.65859375 0.128125 0.0203125 0.040625
1 0.5953125 0.19140625 0.0265625 0.04453125
1 0.53203125 0.09375 0.0125 0.02265625
1 0.48671875 0.19609375 0.02734375 0.05078125
1 0.71875 0.49296875 0.065625 0.0921875
1 0.43984375 0.25546875 0.03671875 0.06171875
1 0.8296875 0.32109375 0.04765625 0.06171875
1 0.69921875 0.14140625 0.021875 0.02734375
2 0.43515625 0.36875 0.01796875 0.06640625
1 0.240625 0.4140625 0.0875 0.08359375
1 0.81015625 0.2375 0.021875 0.0359375
3 0.5484375 0.19765625 0.0328125 0.07734375
2 0.66953125 0.30703125 0.01328125 0.04140625
2 0.7453125 0.27734375 0.01328125 0.03671875
2 0.5140625 0.203125 0.0109375 0.034375
2 0.7109375 0.2734375 0.01171875 0.03828125
2 0.6921875 0.2484375 0.0109375 0.03203125
2 0.66953125 0.22890625 0.01171875 0.0359375
2 0.69296875 0.2921875 0.0140625 0.0390625
2 0.65703125 0.23671875 0.01015625 0.03125
2 0.51484375 0.228125 0.01015625 0.03046875
2 0.67890625 0.21953125 0.01171875 0.034375
3 0.41875 0.92578125 0.190625 0.1484375
3 0.5875 0.14765625 0.0265625 0.090625
2 0.36875 0.33984375 0.02578125 0.028125
3 0.3328125 0.49921875 0.103125 0.14453125
2 0.66875 0.346875 0.01328125 0.0390625
3 0.1375 0.49609375 0.1296875 0.1765625
3 0.5015625 0.58046875 0.14453125 0.2171875
3 0.91328125 0.9171875 0.1359375 0.165625