1 0.375 0.23828125 0.04140625 0.05546875
1 0.43125 0.275 0.040625 0.05078125
1 0.55078125 0.63359375 0.0859375 0.14765625
3 0.628125 0.36015625 0.07890625 0.2046875
1 0.3015625 0.22578125 0.040625 0.0484375
1 0.7515625 0.41796875 0.05546875 0.0890625
1 0.20234375 0.21484375 0.04765625 0.0578125
1 0.17890625 0.20859375 0.03359375 0.04609375
3 0.54375 0.27734375 0.07734375 0.16953125
1 0.6015625 0.22734375 0.03984375 0.03671875
1 0.49140625 0.19453125 0.03203125 0.03671875
1 0.27265625 0.7796875 0.13125 0.17265625
1 0.37421875 0.18515625 0.02421875 0.02265625
1 0.1859375 0.1859375 0.02578125 0.025