1 0.490625 0.12578125 0.02109375 0.0390625
1 0.2765625 0.1796875 0.02578125 0.0328125
1 0.26328125 0.1921875 0.03203125 0.034375
1 0.084375 0.35 0.084375 0.06640625
1 0.23671875 0.23671875 0.03828125 0.05546875
1 0.47890625 0.103125 0.01796875 0.0359375
1 0.51484375 0.196875 0.02734375 0.053125
2 0.27421875 0.45078125 0.040625 0.075
1 0.4890625 0.23125 0.0359375 0.0625
1 0.46328125 0.0953125 0.0234375 0.04296875
1 0.5609375 0.25546875 0.0359375 0.0640625
1 0.1953125 0.2921875 0.03828125 0.053125
1 0.28515625 0.16796875 0.01875 0.03515625
1 0.171875 0.32265625 0.0484375 0.065625
1 0.29921875 0.1453125 0.0265625 0.0359375
3 0.45703125 0.1796875 0.03125 0.0921875
1 0.459375 0.07421875 0.01484375 0.01640625
3 0.5140625 0.62734375 0.1921875 0.23671875
3 0.40859375 0.17578125 0.0390625 0.121875
1 0.178125 0.2328125 0.034375 0.04765625
3 0.85078125 0.4984375 0.13125 0.1859375
2 0.803125 0.93125 0.075 0.12265625
2 0.4375 0.80703125 0.05625 0.11796875
2 0.321875 0.56796875 0.02890625 0.1