1 0.68125 0.403125 0.06328125 0.08671875
3 0.14765625 0.49453125 0.125 0.17890625
1 0.4859375 0.19765625 0.0265625 0.0546875
1 0.43984375 0.2546875 0.03515625 0.0609375
1 0.24140625 0.41640625 0.08671875 0.084375
1 0.83046875 0.321875 0.0484375 0.06171875
1 0.5953125 0.19140625 0.0265625 0.04453125
1 0.9140625 0.346875 0.0859375 0.0671875
3 0.54609375 0.1828125 0.040625 0.1140625
1 0.803125 0.2890625 0.0421875 0.05234375
1 0.76171875 0.23671875 0.03984375 0.0546875
1 0.56015625 0.1078125 0.015625 0.0265625
1 0.5203125 0.09921875 0.01640625 0.0265625
1 0.67578125 0.14375 0.0328125 0.03828125
1 0.72265625 0.1796875 0.02734375 0.03125
1 0.5109375 0.128125 0.0203125 0.03359375
1 0.6125 0.06875 0.0140625 0.01953125
1 0.7359375 0.19375 0.03203125 0.03359375
1 0.53125 0.0828125 0.0140625 0.0203125
1 0.715625 0.1703125 0.01875 0.0265625
3 0.58515625 0.09140625 0.02421875 0.03984375
1 0.7 0.146875 0.021875 0.028125
3 0.5890625 0.14609375 0.0265625 0.04140625
1 0.5328125 0.1109375 0.01640625 0.03828125
0 0.6484375 0.12421875 0.01875 0.0546875
2 0.53203125 0.1421875 0.00859375 0.025