3 0.7109375 0.521875 0.1546875 0.1921875
1 0.759375 0.4015625 0.08515625 0.08046875
2 0.246875 0.3140625 0.03125 0.05625
1 0.08359375 0.35 0.08515625 0.06796875
1 0.5609375 0.25546875 0.03671875 0.0625
1 0.1953125 0.2921875 0.0421875 0.053125
1 0.2640625 0.190625 0.03125 0.0328125
3 0.8140625 0.8359375 0.23671875 0.30390625
3 0.49140625 0.2453125 0.053125 0.09609375
1 0.16953125 0.321875 0.046875 0.06328125
1 0.27734375 0.18046875 0.02578125 0.0328125
1 0.23828125 0.2375 0.0375 0.05625
1 0.49296875 0.134375 0.021875 0.02421875
3 0.85234375 0.50078125 0.13046875 0.18671875
1 0.44765625 0.10390625 0.01875 0.0296875
1 0.28359375 0.165625 0.021875 0.0296875
1 0.47890625 0.103125 0.01953125 0.03671875
1 0.41640625 0.10234375 0.0171875 0.0234375
1 0.51640625 0.1953125 0.01953125 0.04375
2 0.425 0.215625 0.01875 0.0296875
3 0.40859375 0.159375 0.03359375 0.08203125
3 0.45625 0.14765625 0.0296875 0.04453125