2 0.62890625 0.42890625 0.021875 0.059375
2 0.3390625 0.521875 0.025 0.0890625
2 0.37421875 0.4078125 0.0234375 0.0828125
2 0.2671875 0.421875 0.03671875 0.0375
3 0.8515625 0.49453125 0.1265625 0.16953125
3 0.92109375 0.72734375 0.1578125 0.2953125
3 0.11875 0.77578125 0.21015625 0.440625
3 0.28046875 0.63046875 0.084375 0.178125
3 0.084375 0.34375 0.1015625 0.05625
3 0.28359375 0.4875 0.0625 0.08515625
3 0.48125 0.228125 0.0578125 0.1515625
3 0.41171875 0.1515625 0.02890625 0.07421875
3 0.45078125 0.1140625 0.02890625 0.07265625
1 0.3421875 0.359375 0.05 0.07890625
1 0.38671875 0.29453125 0.0375 0.06796875
1 0.515625 0.19765625 0.0328125 0.0578125
1 0.56171875 0.25390625 0.040625 0.06484375
1 0.76328125 0.40859375 0.0875 0.071875
1 0.1703125 0.321875 0.04453125 0.05625
1 0.1953125 0.28984375 0.0390625 0.04921875
1 0.23828125 0.23671875 0.0359375 0.05078125
1 0.26328125 0.19375 0.025 0.040625
1 0.278125 0.17734375 0.02109375 0.0359375