2 0.34609375 0.79609375 0.06015625 0.11875
3 0.52890625 0.375 0.0921875 0.1421875
1 0.48515625 0.259375 0.0359375 0.06796875
1 0.51328125 0.19765625 0.028125 0.05234375
1 0.5609375 0.25390625 0.0359375 0.0625
1 0.2640625 0.19140625 0.0328125 0.0359375
3 0.328125 0.25 0.03984375 0.09453125
1 0.490625 0.125 0.0203125 0.0359375
1 0.08359375 0.35 0.08515625 0.0671875
1 0.19609375 0.290625 0.04140625 0.05
1 0.2375 0.23828125 0.03828125 0.05625
1 0.2765625 0.17890625 0.02421875 0.03359375
3 0.4078125 0.16328125 0.0390625 0.096875
1 0.17109375 0.3203125 0.046875 0.06015625
1 0.47890625 0.10078125 0.01875 0.0359375
1 0.28359375 0.165625 0.02109375 0.03125
3 0.65625 0.871875 0.32265625 0.24765625
3 0.6171875 0.68828125 0.23125 0.25078125
3 0.85234375 0.49921875 0.1328125 0.1875
2 0.3390625 0.66796875 0.04296875 0.11328125
2 0.26796875 0.56640625 0.0265625 0.0765625
2 0.315625 0.51640625 0.02109375 0.05625
1 0.42578125 0.0953125 0.02109375 0.0390625
2 0.275 0.4828125 0.0203125 0.0546875
1 0.44375 0.09765625 0.0171875 0.0328125
2 0.29765625 0.23984375 0.0125 0.03515625
2 0.29375 0.3890625 0.0171875 0.040625
2 0.34609375 0.32265625 0.02109375 0.046875
2 0.33046875 0.340625 0.01484375 0.03984375
1 0.46953125 0.09453125 0.015625 0.02734375
2 0.29921875 0.36171875 0.01796875 0.0359375
2 0.3078125 0.325 0.01328125 0.03515625
2 0.29453125 0.440625 0.0171875 0.04765625
1 0.190625 0.24296875 0.01953125 0.034375
1 0.475 0.11640625 0.01640625 0.025
2 0.35234375 0.14375 0.00703125 0.02421875
1 0.3046875 0.14140625 0.0234375 0.03359375
1 0.5734375 0.35234375 0.05546875 0.10234375