1 0.27734375 0.17890625 0.025 0.03046875
1 0.2640625 0.19296875 0.03203125 0.034375
1 0.47890625 0.10703125 0.0171875 0.046875
1 0.490625 0.128125 0.01953125 0.03515625
1 0.46875 0.0828125 0.0140625 0.021875
1 0.2390625 0.2359375 0.0375 0.053125
1 0.0859375 0.34765625 0.0859375 0.06796875
1 0.2859375 0.165625 0.01953125 0.02890625
3 0.85234375 0.5 0.134375 0.18671875
1 0.75703125 0.4140625 0.08671875 0.0859375
1 0.5140625 0.196875 0.02734375 0.05390625
1 0.4046875 0.19609375 0.0296875 0.05703125
1 0.56015625 0.25546875 0.03671875 0.0625
1 0.1953125 0.2921875 0.03984375 0.04921875
1 0.16953125 0.32265625 0.0484375 0.06171875
1 0.4171875 0.0921875 0.02890625 0.0421875
3 0.08515625 0.54375 0.12578125 0.2234375
1 0.4484375 0.10859375 0.02578125 0.046875
1 0.3890625 0.05859375 0.01328125 0.02109375
1 0.3015625 0.146875 0.02421875 0.02734375
0 0.3984375 0.29921875 0.04375 0.10234375
1 0.178125 0.23125 0.03359375 0.04296875
1 0.59453125 0.4484375 0.08125 0.1125
3 0.41171875 0.16171875 0.028125 0.040625
3 0.24921875 0.32734375 0.06484375 0.1171875
1 0.46875 0.103125 0.015625 0.03984375
3 0.459375 0.17734375 0.03125 0.08359375
1 0.4328125 0.0515625 0.0171875 0.0484375
1 0.5796875 0.959375 0.0390625 0.0765625
1 0.25703125 0.97734375 0.115625 0.0390625
1 0.49296875 0.09140625 0.0203125 0.034375
1 0.36796875 0.06328125 0.0171875 0.01484375
1 0.5203125 0.1265625 0.01796875 0.03125
1 0.34765625 0.10078125 0.02265625 0.02265625
1 0.39296875 0.09609375 0.0203125 0.05078125