1 0.65234375 0.48125 0.08046875 0.08203125
1 0.6640625 0.38359375 0.0625 0.06015625
1 0.78984375 0.4125 0.07109375 0.06796875
1 0.48125 0.51328125 0.08984375 0.09765625
1 0.6421875 0.60859375 0.0953125 0.103125
1 0.4078125 0.725 0.1140625 0.12734375
1 0.53671875 0.3890625 0.07265625 0.07734375
1 0.5921875 0.29765625 0.04765625 0.05078125
1 0.821875 0.528125 0.1 0.1171875
1 0.909375 0.8890625 0.1515625 0.16875
1 0.7796875 0.33828125 0.05859375 0.05859375
1 0.7125 0.27890625 0.046875 0.05390625
1 0.4359375 0.359375 0.05859375 0.065625
1 0.5875 0.23046875 0.03984375 0.040625
1 0.79765625 0.2546875 0.04375 0.03828125
1 0.97578125 0.28125 0.0453125 0.05546875
1 0.696875 0.303125 0.040625 0.04609375
1 0.796875 0.28125 0.0453125 0.04296875
1 0.67734375 0.31875 0.04609375 0.05234375
1 0.8390625 0.2046875 0.0328125 0.0375
1 0.68046875 0.2296875 0.03515625 0.03515625
1 0.9671875 0.2015625 0.0265625 0.03828125
1 0.71796875 0.25625 0.04296875 0.03671875
3 0.1265625 0.7046875 0.25234375 0.5125
1 0.82421875 0.2171875 0.03671875 0.03828125
3 0.61796875 0.18828125 0.0390625 0.0640625