3 0.496875 0.31875 0.05234375 0.1109375
3 0.4171875 0.32109375 0.05078125 0.1109375
1 0.70625 0.79375 0.115625 0.15
1 0.53046875 0.59609375 0.090625 0.1265625
1 0.51484375 0.73125 0.10546875 0.1328125
1 0.88515625 0.73671875 0.10546875 0.13125
1 0.48828125 0.8421875 0.1109375 0.12421875
1 0.06875 0.640625 0.0859375 0.1
1 0.83125 0.40625 0.05703125 0.07421875
1 0.60546875 0.3109375 0.02890625 0.0296875
1 0.803125 0.52890625 0.06015625 0.07421875
1 0.67890625 0.30546875 0.03125 0.03828125
1 0.17890625 0.5390625 0.06953125 0.07578125
1 0.89375 0.33125 0.03515625 0.0421875
1 0.2140625 0.6109375 0.078125 0.09765625
3 0.3484375 0.44453125 0.096875 0.1859375
3 0.28828125 0.3875 0.0625 0.1234375
1 0.5171875 0.3859375 0.04296875 0.04921875
1 0.1109375 0.753125 0.1203125 0.1671875
1 0.81875 0.32734375 0.03515625 0.04375
3 0.69609375 0.5296875 0.10546875 0.23984375
3 0.77890625 0.2875 0.059375 0.096875
1 0.553125 0.2890625 0.0234375 0.0265625
1 0.85 0.353125 0.04296875 0.0625
3 0.36875 0.29453125 0.03203125 0.059375
3 0.4046875 0.28203125 0.04296875 0.078125
1 0.45703125 0.31015625 0.01015625 0.01953125
1 0.4609375 0.30625 0.028125 0.04140625