1 0.53125 0.084375 0.01484375 0.02421875
1 0.52109375 0.1015625 0.01796875 0.03359375
1 0.5515625 0.1 0.0171875 0.03671875
1 0.76328125 0.23671875 0.0390625 0.0515625
1 0.6578125 0.09296875 0.01484375 0.02734375
1 0.7234375 0.1796875 0.02578125 0.03046875
1 0.7359375 0.1921875 0.03203125 0.03359375
0 0.90546875 0.6015625 0.18671875 0.41484375
3 0.09765625 0.63671875 0.1953125 0.3046875
3 0.1515625 0.46953125 0.12421875 0.13125
3 0.5890625 0.140625 0.02421875 0.059375
3 0.58359375 0.09375 0.01953125 0.04140625
2 0.4703125 0.33046875 0.015625 0.06875
2 0.63046875 0.415625 0.02734375 0.07578125
2 0.409375 0.396875 0.021875 0.07421875
2 0.30859375 0.50234375 0.028125 0.08515625
1 0.509375 0.128125 0.01953125 0.0328125
1 0.80625 0.29140625 0.03828125 0.04921875
1 0.48671875 0.196875 0.028125 0.05234375
1 0.6578125 0.146875 0.0234375 0.04140625
1 0.59453125 0.19609375 0.02734375 0.05078125
1 0.83046875 0.321875 0.0484375 0.0625
1 0.91484375 0.3484375 0.08671875 0.06875
1 0.43984375 0.25546875 0.034375 0.06171875
1 0.5328125 0.09765625 0.0125 0.025
2 0.5015625 0.2296875 0.0125 0.03203125
1 0.69921875 0.14609375 0.02578125 0.0328125
2 0.51953125 0.17890625 0.009375 0.0265625
1 0.715625 0.1671875 0.0203125 0.03203125
1 0.5453125 0.22109375 0.02734375 0.053125
1 0.8125 0.23125 0.01875 0.03515625
2 0.6234375 0.25625 0.0109375 0.03203125
1 0.64296875 0.08828125 0.0171875 0.0265625
1 0.240625 0.41328125 0.08671875 0.08359375
1 0.59140625 0.10625 0.0203125 0.02578125
2 0.6625 0.190625 0.0125 0.02734375
1 0.759375 0.096875 0.02734375 0.02109375
1 0.55703125 0.06328125 0.01171875 0.02890625
2 0.525 0.20390625 0.009375 0.0265625
2 0.6265625 0.2375 0.0125 0.02578125
2 0.584375 0.228125 0.0109375 0.03515625
2 0.3640625 0.31953125 0.015625 0.040625
2 0.36875 0.3390625 0.025 0.028125
2 0.51171875 0.1953125 0.01015625 0.02109375