2 0.396875 0.61953125 0.0328125 0.1234375
1 0.265625 0.5046875 0.06953125 0.10234375
0 0.540625 0.31640625 0.071875 0.1140625
3 0.85390625 0.50390625 0.13359375 0.1734375
1 0.2625 0.3140625 0.03828125 0.07109375
1 0.32890625 0.3578125 0.040625 0.06953125
1 0.084375 0.34921875 0.084375 0.0703125
1 0.559375 0.25234375 0.0375 0.0609375
1 0.1703125 0.32109375 0.05 0.0625
1 0.29765625 0.22578125 0.0328125 0.05078125
1 0.2359375 0.23671875 0.0375 0.0515625
3 0.3296875 0.24296875 0.0390625 0.090625
1 0.75859375 0.415625 0.0859375 0.08828125
1 0.19609375 0.29140625 0.040625 0.0515625
3 0.40859375 0.1734375 0.0359375 0.11328125
1 0.45234375 0.175 0.02109375 0.03515625
1 0.5140625 0.19609375 0.02734375 0.05
1 0.48984375 0.12890625 0.0203125 0.03359375
1 0.265625 0.18984375 0.0328125 0.0359375
3 0.3453125 0.13203125 0.02109375 0.04765625
3 0.865625 0.896875 0.25546875 0.20234375
1 0.478125 0.0984375 0.01875 0.03359375
2 0.4375 0.19921875 0.009375 0.0328125
2 0.4875 0.21796875 0.01875 0.046875
2 0.26640625 0.35703125 0.015625 0.05546875