1 0.13828125 0.61015625 0.0671875 0.090625
1 0.078125 0.5828125 0.06328125 0.08828125
1 0.16796875 0.77421875 0.08828125 0.1078125
1 0.2421875 0.50078125 0.0515625 0.0671875
1 0.13359375 0.46484375 0.04375 0.05859375
1 0.1640625 0.49453125 0.05 0.065625
1 0.34765625 0.6046875 0.06796875 0.0859375
1 0.2609375 0.38046875 0.01953125 0.04453125
1 0.05546875 0.52890625 0.065625 0.0859375
1 0.22109375 0.46875 0.04296875 0.059375
1 0.4078125 0.66171875 0.07578125 0.1125
1 0.36640625 0.3515625 0.03359375 0.04375
1 0.47734375 0.3625 0.02421875 0.03203125
1 0.35859375 0.428125 0.04765625 0.078125
1 0.39921875 0.55546875 0.05625 0.07734375
1 0.86484375 0.9109375 0.1015625 0.1515625
1 0.43203125 0.89375 0.1140625 0.16171875
1 0.60859375 0.34765625 0.0203125 0.03125
1 0.32734375 0.78359375 0.08671875 0.11015625
3 0.68671875 0.33671875 0.0390625 0.08515625
1 0.54921875 0.28828125 0.0234375 0.0359375
1 0.51953125 0.33046875 0.028125 0.03828125
1 0.4390625 0.42265625 0.04453125 0.0734375
1 0.53203125 0.30546875 0.02109375 0.03671875
1 0.44609375 0.36953125 0.034375 0.04296875
1 0.5671875 0.24609375 0.02421875 0.03125
1 0.4796875 0.4828125 0.04921875 0.04765625
1 0.2453125 0.44375 0.046875 0.06796875
1 0.30703125 0.46640625 0.03984375 0.07109375
1 0.52265625 0.4421875 0.0328125 0.0453125
1 0.553125 0.26640625 0.01875 0.0234375
1 0.74921875 0.61640625 0.05546875 0.075
1 0.52734375 0.359375 0.025 0.04140625
1 0.759375 0.26171875 0.015625 0.02578125
3 0.59296875 0.5171875 0.0875 0.22109375
1 0.5421875 0.4234375 0.02734375 0.03828125
1 0.69453125 0.61640625 0.04609375 0.0515625
3 0.16875 0.3890625 0.046875 0.09921875
1 0.715625 0.18984375 0.015625 0.01640625
1 0.51875 0.278125 0.02421875 0.03671875
1 0.5203125 0.26171875 0.02109375 0.02890625
1 0.53359375 0.20390625 0.01640625 0.0203125
1 0.2484375 0.40390625 0.02578125 0.02578125
3 0.315625 0.35234375 0.0484375 0.09140625
3 0.7296875 0.3984375 0.04453125 0.084375
1 0.64609375 0.4640625 0.03046875 0.05078125
1 0.09921875 0.45625 0.0171875 0.0546875
1 0.2609375 0.67109375 0.09296875 0.13828125
3 0.50859375 0.65390625 0.12578125 0.315625
1 0.2171875 0.89765625 0.125 0.19921875
1 0.6515625 0.21171875 0.0140625 0.028125
1 0.44375 0.596875 0.028125 0.0734375
1 0.70859375 0.5109375 0.04921875 0.06328125
1 0.41484375 0.32734375 0.03203125 0.04296875
1 0.61171875 0.40078125 0.0265625 0.02734375
1 0.0390625 0.91953125 0.07734375 0.1546875
3 0.47890625 0.2640625 0.0296875 0.06328125
1 0.6671875 0.403125 0.03125 0.040625
1 0.6390625 0.36875 0.02578125 0.034375
1 0.7171875 0.46171875 0.040625 0.04140625
3 0.50625 0.23046875 0.02734375 0.05234375
1 0.709375 0.21796875 0.01484375 0.01953125
3 0.609375 0.18046875 0.0203125 0.04765625
1 0.5453125 0.4796875 0.0234375 0.04453125
1 0.68046875 0.2421875 0.01640625 0.025
1 0.3921875 0.3375 0.01875 0.03671875
1 0.67265625 0.196875 0.015625 0.02890625
1 0.69609375 0.19453125 0.01953125 0.0234375
3 0.7671875 0.2015625 0.025 0.04921875
1 0.628125 0.3828125 0.03203125 0.03828125
1 0.66015625 0.43203125 0.03828125 0.0578125
1 0.775 0.24375 0.01875 0.0265625
3 0.57421875 0.1984375 0.01953125 0.04296875
1 0.68125 0.28125 0.0171875 0.02734375
1 0.68828125 0.18828125 0.01640625 0.02734375
3 0.425 0.303125 0.034375 0.05859375
1 0.73515625 0.671875 0.07109375 0.11640625
1 0.74296875 0.49609375 0.0265625 0.06953125
3 0.73515625 0.34375 0.03359375 0.05234375
1 0.7546875 0.28203125 0.0203125 0.0375
3 0.68984375 0.16875 0.01953125 0.03125
1 0.74296875 0.246875 0.02265625 0.0359375
1 0.46015625 0.271875 0.0125 0.03359375
3 0.621875 0.18515625 0.0140625 0.0546875
3 0.2171875 0.38203125 0.04765625 0.08828125
3 0.053125 0.44921875 0.0640625 0.08359375
0 0.5828125 0.9265625 0.15546875 0.146875
1 0.85234375 0.75234375 0.10234375 0.13671875
1 0.65234375 0.7375 0.07890625 0.11171875
1 0.634375 0.853125 0.09140625 0.20234375
1 0.90625 0.88203125 0.06875 0.1296875