1 0.46875 0.084375 0.01484375 0.02421875
1 0.47890625 0.0953125 0.01640625 0.0296875
1 0.2765625 0.1796875 0.025 0.0296875
1 0.44765625 0.08125 0.0203125 0.0296875
1 0.2640625 0.19375 0.03203125 0.03515625
1 0.48984375 0.128125 0.021875 0.0359375
2 0.8140625 0.58671875 0.05078125 0.09609375
3 0.19609375 0.4453125 0.103125 0.146875
1 0.4046875 0.19453125 0.02734375 0.0515625
1 0.19375 0.29453125 0.03984375 0.05390625
1 0.559375 0.25546875 0.03671875 0.06171875
1 0.4828125 0.28515625 0.03359375 0.078125
3 0.4171875 0.09140625 0.028125 0.03671875
1 0.5140625 0.196875 0.0265625 0.053125
3 0.4125 0.16328125 0.02734375 0.04140625
1 0.1796875 0.23125 0.0328125 0.0421875
1 0.0859375 0.346875 0.08515625 0.065625
1 0.2859375 0.1671875 0.01875 0.03203125
1 0.16875 0.321875 0.046875 0.0609375
1 0.52421875 0.11484375 0.015625 0.03828125
1 0.7609375 0.41484375 0.08984375 0.0875
1 0.0265625 0.76953125 0.053125 0.1359375
1 0.38125 0.09609375 0.0203125 0.0421875
1 0.23828125 0.2359375 0.0390625 0.05234375
2 0.05078125 0.540625 0.0234375 0.06953125
3 0.45546875 0.13046875 0.02734375 0.06640625
1 0.30078125 0.1484375 0.02109375 0.03515625
3 0.3578125 0.09921875 0.0234375 0.05625
0 0.39921875 0.30234375 0.04140625 0.09921875
1 0.4953125 0.09140625 0.01640625 0.03203125
1 0.46796875 0.09765625 0.0125 0.02578125
1 0.2578125 0.13671875 0.03671875 0.03984375
2 0.41640625 0.21796875 0.015625 0.04140625
1 0.240625 0.0984375 0.02578125 0.0203125
1 0.43046875 0.05390625 0.0203125 0.0484375
3 0.7625 0.86640625 0.303125 0.24609375