3 0.61015625 0.45390625 0.11953125 0.14140625
1 0.08359375 0.3453125 0.1 0.06328125
2 0.27734375 0.25234375 0.015625 0.04921875
1 0.75859375 0.41640625 0.08515625 0.0859375
2 0.3234375 0.2328125 0.01015625 0.0328125
1 0.5609375 0.25703125 0.03671875 0.065625
1 0.16953125 0.321875 0.0515625 0.06328125
1 0.19453125 0.29140625 0.04140625 0.05078125
1 0.26328125 0.19296875 0.03125 0.03515625
2 0.30234375 0.20859375 0.0125 0.0296875
2 0.3109375 0.1875 0.00703125 0.02109375
1 0.97578125 0.73828125 0.0484375 0.12890625
1 0.515625 0.19609375 0.028125 0.05
3 0.4828125 0.23125 0.0625 0.1875
3 0.85 0.49921875 0.13125 0.17734375
1 0.23671875 0.2375 0.0390625 0.05546875
1 0.49140625 0.12734375 0.0203125 0.03046875
1 0.2859375 0.1640625 0.0234375 0.0296875
1 0.275 0.178125 0.02109375 0.02734375
1 0.4171875 0.10078125 0.01640625 0.021875
3 0.40859375 0.1625 0.03828125 0.1
1 0.1796875 0.2265625 0.034375 0.03984375
1 0.47890625 0.1015625 0.01796875 0.03359375
3 0.465625 0.1671875 0.02734375 0.0703125
3 0.346875 0.16953125 0.0296875 0.05625