1 0.86171875 0.61015625 0.0671875 0.090625
1 0.921875 0.5828125 0.06328125 0.08828125
1 0.83203125 0.77421875 0.08828125 0.1078125
1 0.7578125 0.50078125 0.0515625 0.0671875
1 0.86640625 0.46484375 0.04375 0.05859375
1 0.8359375 0.49453125 0.05 0.065625
1 0.65234375 0.6046875 0.06796875 0.0859375
1 0.7390625 0.38046875 0.01953125 0.04453125
1 0.94453125 0.52890625 0.065625 0.0859375
1 0.77890625 0.46875 0.04296875 0.059375
1 0.5921875 0.66171875 0.07578125 0.1125
1 0.63359375 0.3515625 0.03359375 0.04375
1 0.52265625 0.3625 0.02421875 0.03203125
1 0.64140625 0.428125 0.04765625 0.078125
1 0.60078125 0.55546875 0.05625 0.07734375
1 0.13515625 0.9109375 0.1015625 0.1515625
1 0.56796875 0.89375 0.1140625 0.16171875
1 0.39140625 0.34765625 0.0203125 0.03125
1 0.67265625 0.78359375 0.08671875 0.11015625
3 0.31328125 0.33671875 0.0390625 0.08515625
1 0.45078125 0.28828125 0.0234375 0.0359375
1 0.48046875 0.33046875 0.028125 0.03828125
1 0.5609375 0.42265625 0.04453125 0.0734375
1 0.46796875 0.30546875 0.02109375 0.03671875
1 0.55390625 0.36953125 0.034375 0.04296875
1 0.4328125 0.24609375 0.02421875 0.03125
1 0.5203125 0.4828125 0.04921875 0.04765625
1 0.7546875 0.44375 0.046875 0.06796875
1 0.69296875 0.46640625 0.03984375 0.07109375
1 0.47734375 0.4421875 0.0328125 0.0453125
1 0.446875 0.26640625 0.01875 0.0234375
1 0.25078125 0.61640625 0.05546875 0.075
1 0.47265625 0.359375 0.025 0.04140625
1 0.240625 0.26171875 0.015625 0.02578125
3 0.40703125 0.5171875 0.0875 0.22109375
1 0.4578125 0.4234375 0.02734375 0.03828125
1 0.30546875 0.61640625 0.04609375 0.0515625
3 0.83125 0.3890625 0.046875 0.09921875
1 0.284375 0.18984375 0.015625 0.01640625
1 0.48125 0.278125 0.02421875 0.03671875
1 0.4796875 0.26171875 0.02109375 0.02890625
1 0.46640625 0.20390625 0.01640625 0.0203125
1 0.7515625 0.40390625 0.02578125 0.02578125
3 0.684375 0.35234375 0.0484375 0.09140625
3 0.2703125 0.3984375 0.04453125 0.084375
1 0.35390625 0.4640625 0.03046875 0.05078125
1 0.90078125 0.45625 0.0171875 0.0546875
1 0.7390625 0.67109375 0.09296875 0.13828125
3 0.49140625 0.65390625 0.12578125 0.315625
1 0.7828125 0.89765625 0.125 0.19921875
1 0.3484375 0.21171875 0.0140625 0.028125
1 0.55625 0.596875 0.028125 0.0734375
1 0.29140625 0.5109375 0.04921875 0.06328125
1 0.58515625 0.32734375 0.03203125 0.04296875
1 0.38828125 0.40078125 0.0265625 0.02734375
1 0.9609375 0.91953125 0.07734375 0.1546875
3 0.52109375 0.2640625 0.0296875 0.06328125
1 0.3328125 0.403125 0.03125 0.040625
1 0.3609375 0.36875 0.02578125 0.034375
1 0.2828125 0.46171875 0.040625 0.04140625
3 0.49375 0.23046875 0.02734375 0.05234375
1 0.290625 0.21796875 0.01484375 0.01953125
3 0.390625 0.18046875 0.0203125 0.04765625
1 0.4546875 0.4796875 0.0234375 0.04453125
1 0.31953125 0.2421875 0.01640625 0.025
1 0.6078125 0.3375 0.01875 0.03671875
1 0.32734375 0.196875 0.015625 0.02890625
1 0.30390625 0.19453125 0.01953125 0.0234375
3 0.2328125 0.2015625 0.025 0.04921875
1 0.371875 0.3828125 0.03203125 0.03828125
1 0.33984375 0.43203125 0.03828125 0.0578125
1 0.225 0.24375 0.01875 0.0265625
3 0.42578125 0.1984375 0.01953125 0.04296875
1 0.31875 0.28125 0.0171875 0.02734375
1 0.31171875 0.18828125 0.01640625 0.02734375
3 0.575 0.303125 0.034375 0.05859375
1 0.26484375 0.671875 0.07109375 0.11640625
1 0.25703125 0.49609375 0.0265625 0.06953125
3 0.26484375 0.34375 0.03359375 0.05234375
1 0.2453125 0.28203125 0.0203125 0.0375
3 0.31015625 0.16875 0.01953125 0.03125
1 0.25703125 0.246875 0.02265625 0.0359375
1 0.53984375 0.271875 0.0125 0.03359375
3 0.378125 0.18515625 0.0140625 0.0546875
3 0.7828125 0.38203125 0.04765625 0.08828125
3 0.946875 0.44921875 0.0640625 0.08359375
0 0.4171875 0.9265625 0.15546875 0.146875
1 0.14765625 0.75234375 0.10234375 0.13671875
1 0.34765625 0.7375 0.07890625 0.11171875
1 0.365625 0.853125 0.09140625 0.20234375
1 0.09375 0.88203125 0.06875 0.1296875