2 0.75859375 0.5734375 0.04140625 0.1046875
3 0.13671875 0.45859375 0.08515625 0.1109375
3 0.215625 0.64140625 0.19140625 0.40625
1 0.7703125 0.41328125 0.08515625 0.07578125
1 0.0859375 0.35 0.08671875 0.0671875
1 0.5609375 0.253125 0.0359375 0.06015625
1 0.1703125 0.321875 0.0484375 0.06328125
1 0.3265625 0.396875 0.046875 0.096875
3 0.2625 0.32421875 0.0640625 0.11171875
1 0.19921875 0.290625 0.040625 0.0546875
1 0.26484375 0.19375 0.03046875 0.03671875
1 0.390625 0.2578125 0.034375 0.06796875
3 0.853125 0.5046875 0.1296875 0.17890625
1 0.48984375 0.1265625 0.021875 0.0328125
1 0.515625 0.19765625 0.0265625 0.05625
1 0.27890625 0.18046875 0.02578125 0.034375
1 0.2359375 0.2375 0.03828125 0.0546875
0 0.27578125 0.25 0.05078125 0.0765625
3 0.44765625 0.1140625 0.021875 0.05859375
1 0.48046875 0.10078125 0.01796875 0.0328125
1 0.40546875 0.19765625 0.0265625 0.03984375
1 0.32578125 0.12890625 0.02265625 0.03359375
3 0.4171875 0.09921875 0.02734375 0.05234375
3 0.41328125 0.1515625 0.025 0.04140625
2 0.4359375 0.175 0.0109375 0.03046875