3 0.359375 0.43828125 0.11796875 0.17890625
2 0.53515625 0.13359375 0.01015625 0.02421875
1 0.49140625 0.2921875 0.05234375 0.08359375
1 0.4390625 0.2546875 0.03671875 0.06171875
1 0.7359375 0.1921875 0.03125 0.0359375
1 0.915625 0.3484375 0.0859375 0.06796875
1 0.24140625 0.41640625 0.08828125 0.0859375
1 0.4859375 0.19765625 0.02734375 0.05234375
3 0.15078125 0.5015625 0.12734375 0.1796875
1 0.7234375 0.18125 0.02421875 0.03359375
1 0.80390625 0.29140625 0.0390625 0.053125
1 0.7640625 0.23828125 0.0375 0.05390625
1 0.83046875 0.32109375 0.0484375 0.06015625
1 0.50859375 0.1328125 0.01953125 0.02578125
2 0.63046875 0.14921875 0.00546875 0.028125
1 0.5828125 0.1015625 0.01640625 0.02109375
2 0.6125 0.14140625 0.009375 0.03125
2 0.61484375 0.17109375 0.0109375 0.03515625
3 0.5890625 0.17578125 0.04140625 0.1296875
1 0.51953125 0.10390625 0.0234375 0.046875
1 0.71484375 0.165625 0.0203125 0.03046875
1 0.5375 0.175 0.01953125 0.0359375