1 0.178125 0.22578125 0.02421875 0.03203125
1 0.2171875 0.4 0.03671875 0.03828125
1 0.24921875 0.3328125 0.028125 0.0328125
1 0.56640625 0.38984375 0.0375 0.028125
1 0.17578125 0.3765625 0.0328125 0.03984375
1 0.509375 0.43125 0.05078125 0.03828125
1 0.15390625 0.465625 0.0515625 0.07421875
1 0.5171875 0.3140625 0.02421875 0.01875
1 0.0921875 0.15078125 0.01953125 0.02265625
1 0.2078125 0.2734375 0.02890625 0.0296875
1 0.115625 0.19765625 0.01875 0.03203125
1 0.34453125 0.69609375 0.096875 0.09765625
1 0.63046875 0.525 0.0609375 0.05390625
1 0.03515625 0.49296875 0.0578125 0.07734375
1 0.2109375 0.24765625 0.02578125 0.04609375
1 0.475 0.315625 0.0203125 0.0171875
1 0.46640625 0.353125 0.0265625 0.0234375
1 0.14375 0.21484375 0.021875 0.0390625
1 0.17109375 0.24140625 0.01796875 0.03203125
1 0.51171875 0.34453125 0.02734375 0.02265625
1 0.48984375 0.36171875 0.02890625 0.0265625
1 0.5265625 0.58671875 0.07265625 0.0671875
1 0.7984375 0.6734375 0.08671875 0.1046875
1 0.64921875 0.72421875 0.103125 0.13828125
1 0.23046875 0.18671875 0.01484375 0.02265625
1 0.16640625 0.17734375 0.01171875 0.02265625
1 0.4109375 0.5515625 0.07421875 0.084375
1 0.14453125 0.234375 0.0203125 0.03203125
1 0.2875 0.1921875 0.02734375 0.02890625
3 0.19296875 0.303125 0.04765625 0.0640625
1 0.18515625 0.34296875 0.028125 0.0328125
1 0.175 0.14375 0.01484375 0.028125
0 0.48046875 0.79921875 0.171875 0.38515625