2 0.525 0.60390625 0.0375 0.09609375
0 0.92578125 0.671875 0.1484375 0.4515625
3 0.19375 0.5515625 0.34765625 0.35546875
3 0.13984375 0.48125 0.11875 0.1546875
1 0.2390625 0.39375 0.08828125 0.08359375
3 0.15859375 0.4984375 0.103125 0.17421875
1 0.43984375 0.25390625 0.03515625 0.06015625
1 0.91484375 0.34765625 0.0859375 0.06875
1 0.7359375 0.19375 0.03125 0.0359375
1 0.4859375 0.19375 0.02578125 0.04921875
2 0.4609375 0.32265625 0.0140625 0.04453125
1 0.59765625 0.19375 0.03125 0.0484375
1 0.83125 0.32109375 0.04921875 0.0625
1 0.8046875 0.29140625 0.04296875 0.0515625
1 0.5125 0.1265625 0.02265625 0.03359375
2 0.49765625 0.265625 0.01171875 0.04140625
1 0.6578125 0.09140625 0.015625 0.02578125
1 0.7234375 0.1796875 0.02421875 0.03125
1 0.55 0.18515625 0.0265625 0.04140625
2 0.51328125 0.20390625 0.01015625 0.0328125
2 0.67734375 0.225 0.0140625 0.03515625
1 0.76328125 0.2359375 0.03828125 0.05234375
2 0.61484375 0.2390625 0.0109375 0.03359375
1 0.52109375 0.1015625 0.01796875 0.034375
1 0.6671875 0.16328125 0.02109375 0.040625
1 0.553125 0.09765625 0.01875 0.03125
2 0.43046875 0.38515625 0.01796875 0.0609375
1 0.53125 0.0859375 0.01640625 0.02734375
3 0.5875 0.146875 0.02578125 0.0671875
3 0.58359375 0.09375 0.03125 0.0390625
2 0.56328125 0.140625 0.00703125 0.0296875
2 0.5328125 0.17578125 0.0109375 0.0359375
2 0.51953125 0.17578125 0.00703125 0.0234375
2 0.56875 0.16015625 0.01015625 0.02265625