3 0.32890625 0.38125 0.0984375 0.24453125
0 0.18984375 0.4046875 0.09140625 0.1296875
2 0.53046875 0.321875 0.02890625 0.0703125
1 0.76875 0.415625 0.1 0.07421875
1 0.08515625 0.35 0.08984375 0.07265625
1 0.5609375 0.25546875 0.0375 0.0625
1 0.5140625 0.2 0.02734375 0.053125
1 0.334375 0.1984375 0.03046875 0.0453125
3 0.096875 0.59296875 0.13125 0.2125
2 0.92890625 0.6671875 0.04375 0.06640625
1 0.2359375 0.2390625 0.0390625 0.05859375
1 0.26484375 0.1921875 0.03359375 0.03515625
1 0.16953125 0.3203125 0.046875 0.06328125
1 0.48984375 0.12734375 0.021875 0.03515625
1 0.40390625 0.1859375 0.021875 0.03515625
1 0.38828125 0.28515625 0.02109375 0.06953125
1 0.409375 0.1546875 0.02421875 0.03046875
1 0.27734375 0.1796875 0.025 0.0328125
1 0.3171875 0.13046875 0.01796875 0.03125
3 0.415625 0.1296875 0.02109375 0.034375
3 0.784375 0.8296875 0.43046875 0.32890625
1 0.196875 0.290625 0.04375 0.059375
1 0.41953125 0.0921875 0.02265625 0.03203125
3 0.85 0.50078125 0.13046875 0.1828125
1 0.4796875 0.0984375 0.01875 0.03203125
0 0.67734375 0.5 0.09921875 0.11484375
1 0.4703125 0.09296875 0.0171875 0.0296875
1 0.28359375 0.165625 0.02109375 0.03125