1 0.40078125 0.178125 0.01953125 0.02421875
1 0.36953125 0.22265625 0.02421875 0.03125
1 0.278125 0.278125 0.03046875 0.05078125
1 0.20078125 0.48515625 0.05859375 0.084375
1 0.38125 0.43359375 0.05234375 0.0859375
1 0.25078125 0.24296875 0.02578125 0.03671875
1 0.14140625 0.31796875 0.03828125 0.05859375
1 0.4453125 0.34765625 0.0421875 0.07109375
1 0.2203125 0.16328125 0.01640625 0.02578125
1 0.24140625 0.3828125 0.03984375 0.05703125
1 0.2890625 0.19921875 0.0265625 0.03828125
1 0.8375 0.36796875 0.0515625 0.0640625
1 0.36484375 0.1515625 0.0140625 0.02109375
1 0.8640625 0.56796875 0.08671875 0.0890625
1 0.40859375 0.1484375 0.0125 0.02109375
1 0.2203125 0.14140625 0.01484375 0.021875
1 0.7265625 0.3703125 0.05859375 0.0703125
1 0.19921875 0.14609375 0.01484375 0.0203125
1 0.5984375 0.1765625 0.01875 0.025
1 0.3265625 0.1609375 0.0171875 0.0234375
1 0.60859375 0.18671875 0.0234375 0.03359375
1 0.34609375 0.14765625 0.01484375 0.021875
1 0.73125 0.2953125 0.03671875 0.04453125
1 0.4203125 0.146875 0.0140625 0.0234375
1 0.52265625 0.1890625 0.02109375 0.0296875
1 0.70390625 0.22734375 0.02421875 0.02890625
1 0.190625 0.16015625 0.015625 0.0234375
1 0.63828125 0.3 0.040625 0.05546875
1 0.58515625 0.2078125 0.02265625 0.03671875
1 0.509375 0.17109375 0.01875 0.03125
1 0.64375 0.26328125 0.03125 0.0328125
1 0.52890625 0.1453125 0.01484375 0.021875
1 0.22265625 0.1015625 0.01171875 0.0203125
1 0.3953125 0.1453125 0.0171875 0.02421875
1 0.56328125 0.1734375 0.025 0.03203125
1 0.73125 0.184375 0.01171875 0.0203125
1 0.55625 0.13046875 0.0125 0.01796875
1 0.584375 0.13125 0.01640625 0.01796875
1 0.49375 0.1453125 0.015625 0.0296875
1 0.3734375 0.1375 0.0140625 0.01875
1 0.5609375 0.1484375 0.01484375 0.025