1 0.83125 0.7765625 0.11171875 0.246875
3 0.39921875 0.4125 0.121875 0.1921875
3 0.14921875 0.50234375 0.13046875 0.18125
1 0.915625 0.34921875 0.0859375 0.06875
1 0.72734375 0.4921875 0.06953125 0.10859375
3 0.65625 0.3421875 0.05234375 0.1015625
1 0.615625 0.25859375 0.03828125 0.065625
1 0.43984375 0.25390625 0.0359375 0.06171875
1 0.24140625 0.41484375 0.0859375 0.08671875
1 0.59375 0.23671875 0.02890625 0.04921875
1 0.83125 0.321875 0.04921875 0.0625
1 0.8046875 0.29140625 0.04375 0.05390625
1 0.4859375 0.19609375 0.0265625 0.05234375
1 0.5296875 0.1984375 0.028125 0.04921875
1 0.55234375 0.09921875 0.01640625 0.03046875
1 0.56328125 0.134375 0.0171875 0.0328125
1 0.5796875 0.1046875 0.0203125 0.03203125
1 0.72265625 0.1796875 0.02578125 0.03125
1 0.51171875 0.12734375 0.02265625 0.03359375
1 0.51875 0.1 0.0203125 0.03828125
3 0.6609375 0.140625 0.0265625 0.06015625
1 0.7625 0.2375 0.040625 0.05703125
1 0.71484375 0.16640625 0.02109375 0.03125
1 0.73671875 0.1921875 0.03203125 0.03359375
3 0.59296875 0.17265625 0.03125 0.0859375
2 0.56484375 0.16875 0.01015625 0.0296875
3 0.628125 0.11953125 0.01796875 0.05