1 0.70390625 0.7 0.0703125 0.09375
3 0.16796875 0.47109375 0.0640625 0.11015625
1 0.8328125 0.6515625 0.0609375 0.07890625
1 0.646875 0.575 0.053125 0.06953125
1 0.703125 0.5671875 0.0484375 0.06875
1 0.52734375 0.540625 0.05 0.0640625
1 0.66171875 0.93359375 0.10703125 0.128125
1 0.5875 0.53828125 0.04453125 0.05546875
1 0.3609375 0.5671875 0.053125 0.059375
1 0.43203125 0.8671875 0.10078125 0.14609375
1 0.41640625 0.67734375 0.065625 0.07734375
1 0.30859375 0.68828125 0.06796875 0.075
1 0.48046875 0.49921875 0.04296875 0.05234375
1 0.275 0.5828125 0.05546875 0.05234375
1 0.440625 0.44296875 0.02890625 0.0390625
1 0.50859375 0.440625 0.0296875 0.04140625
3 0.60234375 0.45234375 0.05 0.10078125
1 0.55390625 0.4984375 0.0375 0.04609375
1 0.45859375 0.465625 0.0328125 0.05
1 0.31640625 0.45703125 0.0375 0.05234375
1 0.3109375 0.49921875 0.04296875 0.0484375
1 0.253125 0.484375 0.0421875 0.053125
1 0.490625 0.4015625 0.03046875 0.0421875
1 0.51875 0.39140625 0.02890625 0.0390625
1 0.48203125 0.41796875 0.01875 0.0296875
1 0.1640625 0.57578125 0.05078125 0.04140625
1 0.46796875 0.38984375 0.028125 0.03125
3 0.553125 0.35546875 0.03359375 0.06640625
1 0.4390625 0.39296875 0.028125 0.04609375
1 0.28046875 0.40078125 0.0265625 0.03515625
1 0.53984375 0.41171875 0.01640625 0.03359375
1 0.34609375 0.38828125 0.0171875 0.02265625
1 0.171875 0.6546875 0.07421875 0.12421875
1 0.3109375 0.375 0.0234375 0.04140625
3 0.2546875 0.36328125 0.04140625 0.075