1 0.4671875 0.08671875 0.01484375 0.02734375
1 0.37890625 0.278125 0.04140625 0.06640625
1 0.26171875 0.5640625 0.07734375 0.15
1 0.415625 0.08125 0.021875 0.021875
3 0.1765625 0.38828125 0.140625 0.234375
1 0.5140625 0.196875 0.02890625 0.05859375
1 0.4890625 0.12734375 0.02265625 0.03359375
1 0.28359375 0.17109375 0.0203125 0.03046875
1 0.35 0.3578125 0.04765625 0.08359375
1 0.2640625 0.19375 0.03125 0.03515625
3 0.4140625 0.10390625 0.028125 0.0375
1 0.4796875 0.0984375 0.0171875 0.02890625
1 0.38046875 0.06015625 0.02421875 0.03515625
1 0.084375 0.34609375 0.084375 0.06953125
2 0.33203125 0.54921875 0.02734375 0.10234375
1 0.5609375 0.2546875 0.0359375 0.06171875
1 0.75625 0.415625 0.0859375 0.0859375
2 0.05625 0.60859375 0.02734375 0.0859375
1 0.35234375 0.08984375 0.028125 0.03125
1 0.14609375 0.84375 0.13125 0.24375
3 0.39609375 0.2171875 0.0359375 0.06015625
1 0.3015625 0.146875 0.02421875 0.03203125
1 0.39765625 0.04140625 0.01796875 0.03203125
1 0.4421875 0.04375 0.03359375 0.0390625
1 0.40625 0.1515625 0.0234375 0.03203125
3 0.8515625 0.5015625 0.1296875 0.1796875
1 0.42890625 0.071875 0.01328125 0.01640625
1 0.17734375 0.2359375 0.0296875 0.04375
1 0.23671875 0.2375 0.0390625 0.0578125
1 0.51796875 0.128125 0.0171875 0.0296875
1 0.33203125 0.1609375 0.01484375 0.02578125
1 0.45859375 0.0484375 0.0234375 0.0375
1 0.19453125 0.2734375 0.03125 0.01484375
2 0.4328125 0.17890625 0.00859375 0.02578125
1 0.24140625 0.10390625 0.03828125 0.03203125
1 0.46796875 0.1125 0.0140625 0.04609375
2 0.48671875 0.25625 0.0109375 0.03046875
2 0.4390625 0.16171875 0.00703125 0.028125
1 0.49765625 0.090625 0.0140625 0.02890625
1 0.39375 0.1265625 0.009375 0.028125
1 0.42265625 0.140625 0.0078125 0.03125