1 0.521875 0.5265625 0.040625 0.04921875
1 0.3109375 0.59140625 0.04765625 0.06484375
1 0.35078125 0.9359375 0.10390625 0.12578125
1 0.4796875 0.565625 0.0484375 0.0609375
1 0.309375 0.715625 0.06953125 0.0875
1 0.4203125 0.5640625 0.04296875 0.0546875
1 0.18671875 0.6703125 0.06015625 0.07421875
1 0.584375 0.69609375 0.06484375 0.07734375
1 0.559375 0.471875 0.028125 0.03515625
3 0.4546875 0.39609375 0.0328125 0.06875
1 0.5015625 0.4703125 0.02890625 0.03671875
1 0.6875 0.7078125 0.0640625 0.08046875
1 0.51328125 0.42578125 0.021875 0.028125
3 0.4078125 0.48359375 0.046875 0.09765625
1 0.36484375 0.59921875 0.05078125 0.065625
1 0.63828125 0.5921875 0.05 0.05859375
1 0.56875 0.871875 0.09609375 0.140625
1 0.54453125 0.49609375 0.034375 0.05234375
1 0.71953125 0.6078125 0.053125 0.0625
1 0.45234375 0.528125 0.0375 0.0453125
1 0.65234375 0.4296875 0.0203125 0.03359375
1 0.68515625 0.53046875 0.0421875 0.046875
1 0.46796875 0.4375 0.02734375 0.0390625
1 0.540625 0.42421875 0.015625 0.02109375
1 0.73984375 0.5125 0.04140625 0.0484375
1 0.68046875 0.4875 0.0359375 0.05
1 0.82421875 0.596875 0.046875 0.0390625
1 0.39921875 0.42265625 0.01640625 0.0203125
1 0.7140625 0.43671875 0.0265625 0.03515625
1 0.56328125 0.42734375 0.0296875 0.04921875
1 0.68515625 0.4109375 0.02421875 0.03671875
3 0.82109375 0.49609375 0.0546875 0.08515625
1 0.81953125 0.65234375 0.07109375 0.1234375
3 0.70546875 0.4171875 0.02421875 0.0375
1 0.634375 0.42578125 0.028125 0.0359375
1 0.52421875 0.45234375 0.0078125 0.01328125
1 0.50234375 0.42265625 0.0203125 0.0265625
1 0.58046875 0.42109375 0.0203125 0.0265625
1 0.8203125 0.55859375 0.046875 0.0296875