1 0.54375 0.46484375 0.146875 0.0671875
1 0.259375 0.39296875 0.11875 0.053125
1 0.26171875 0.29921875 0.078125 0.0484375
1 0.65 0.71171875 0.2046875 0.11875
1 0.2609375 0.4671875 0.1375 0.07578125
1 0.47890625 0.37734375 0.1171875 0.05546875
1 0.5421875 0.25703125 0.084375 0.06015625
1 0.42734375 0.27421875 0.11875 0.0671875
1 0.60546875 0.5953125 0.2046875 0.10703125
1 0.52109375 0.21328125 0.07109375 0.0375
3 0.73671875 0.32421875 0.1875 0.19140625
1 0.24140625 0.33671875 0.08203125 0.03515625
0 0.8859375 0.46640625 0.2265625 0.321875
1 0.2609375 0.25390625 0.071875 0.05078125
1 0.315625 0.14375 0.0796875 0.03203125
1 0.4515625 0.1125 0.0765625 0.02890625
1 0.23671875 0.371875 0.08671875 0.04609375
1 0.36796875 0.20390625 0.06328125 0.046875
1 0.9828125 0.6953125 0.03359375 0.07890625
1 0.80703125 0.89375 0.3234375 0.2125