1 0.59921875 0.178125 0.01953125 0.02421875
1 0.63046875 0.22265625 0.02421875 0.03125
1 0.721875 0.278125 0.03046875 0.05078125
1 0.79921875 0.48515625 0.05859375 0.084375
1 0.61875 0.43359375 0.05234375 0.0859375
1 0.74921875 0.24296875 0.02578125 0.03671875
1 0.85859375 0.31796875 0.03828125 0.05859375
1 0.5546875 0.34765625 0.0421875 0.07109375
1 0.7796875 0.16328125 0.01640625 0.02578125
1 0.75859375 0.3828125 0.03984375 0.05703125
1 0.7109375 0.19921875 0.0265625 0.03828125
1 0.1625 0.36796875 0.0515625 0.0640625
1 0.63515625 0.1515625 0.0140625 0.02109375
1 0.1359375 0.56796875 0.08671875 0.0890625
1 0.59140625 0.1484375 0.0125 0.02109375
1 0.7796875 0.14140625 0.01484375 0.021875
1 0.2734375 0.3703125 0.05859375 0.0703125
1 0.80078125 0.14609375 0.01484375 0.0203125
1 0.4015625 0.1765625 0.01875 0.025
1 0.6734375 0.1609375 0.0171875 0.0234375
1 0.39140625 0.18671875 0.0234375 0.03359375
1 0.65390625 0.14765625 0.01484375 0.021875
1 0.26875 0.2953125 0.03671875 0.04453125
1 0.5796875 0.146875 0.0140625 0.0234375
1 0.47734375 0.1890625 0.02109375 0.0296875
1 0.29609375 0.22734375 0.02421875 0.02890625
1 0.809375 0.16015625 0.015625 0.0234375
1 0.36171875 0.3 0.040625 0.05546875
1 0.41484375 0.2078125 0.02265625 0.03671875
1 0.490625 0.17109375 0.01875 0.03125
1 0.35625 0.26328125 0.03125 0.0328125
1 0.47109375 0.1453125 0.01484375 0.021875
1 0.77734375 0.1015625 0.01171875 0.0203125
1 0.6046875 0.1453125 0.0171875 0.02421875
1 0.43671875 0.1734375 0.025 0.03203125
1 0.26875 0.184375 0.01171875 0.0203125
1 0.44375 0.13046875 0.0125 0.01796875
1 0.415625 0.13125 0.01640625 0.01796875
1 0.50625 0.1453125 0.015625 0.0296875
1 0.6265625 0.1375 0.0140625 0.01875
1 0.4390625 0.1484375 0.01484375 0.025