2 0.496875 0.66796875 0.0484375 0.109375
3 0.675 0.3390625 0.06171875 0.128125
1 0.50078125 0.2703125 0.0328125 0.0640625
1 0.4390625 0.25546875 0.0359375 0.06328125
1 0.7375 0.19296875 0.03125 0.03671875
1 0.4859375 0.196875 0.02734375 0.0546875
1 0.915625 0.35078125 0.08359375 0.06875
1 0.24296875 0.41640625 0.08671875 0.0875
1 0.7625 0.23671875 0.03671875 0.05625
1 0.83046875 0.32265625 0.0453125 0.0609375
3 0.5921875 0.15625 0.0375 0.0890625
1 0.5390625 0.940625 0.221875 0.11640625
1 0.80390625 0.2921875 0.03828125 0.0515625
3 0.67265625 0.1625 0.0375 0.10546875
2 0.75390625 0.34921875 0.015625 0.05390625
1 0.509375 0.1265625 0.0203125 0.03359375
3 0.53671875 0.196875 0.02890625 0.06484375
1 0.725 0.175 0.0203125 0.02265625
3 0.14921875 0.4984375 0.134375 0.18046875
1 0.5828125 0.10234375 0.015625 0.021875
1 0.52109375 0.10078125 0.0171875 0.03125
1 0.1203125 0.71171875 0.18984375 0.19921875
3 0.54765625 0.125 0.03125 0.07421875
1 0.5421875 0.09375 0.0328125 0.0390625
2 0.27890625 0.53984375 0.034375 0.07578125
3 0.71171875 0.22578125 0.03828125 0.06875
3 0.64375 0.14609375 0.03125 0.0671875
2 0.690625 0.47265625 0.053125 0.07890625