2 0.24140625 0.5734375 0.04140625 0.1046875
3 0.86328125 0.45859375 0.08515625 0.1109375
3 0.784375 0.64140625 0.19140625 0.40625
1 0.2296875 0.41328125 0.08515625 0.07578125
1 0.9140625 0.35 0.08671875 0.0671875
1 0.4390625 0.253125 0.0359375 0.06015625
1 0.8296875 0.321875 0.0484375 0.06328125
1 0.6734375 0.396875 0.046875 0.096875
3 0.7375 0.32421875 0.0640625 0.11171875
1 0.80078125 0.290625 0.040625 0.0546875
1 0.73515625 0.19375 0.03046875 0.03671875
1 0.609375 0.2578125 0.034375 0.06796875
3 0.146875 0.5046875 0.1296875 0.17890625
1 0.51015625 0.1265625 0.021875 0.0328125
1 0.484375 0.19765625 0.0265625 0.05625
1 0.72109375 0.18046875 0.02578125 0.034375
1 0.7640625 0.2375 0.03828125 0.0546875
0 0.72421875 0.25 0.05078125 0.0765625
3 0.55234375 0.1140625 0.021875 0.05859375
1 0.51953125 0.10078125 0.01796875 0.0328125
1 0.59453125 0.19765625 0.0265625 0.03984375
1 0.67421875 0.12890625 0.02265625 0.03359375
3 0.5828125 0.09921875 0.02734375 0.05234375
3 0.58671875 0.1515625 0.025 0.04140625
2 0.5640625 0.175 0.0109375 0.03046875