0 0.8546875 0.8265625 0.15390625 0.346875
1 0.88046875 0.51484375 0.08984375 0.10625
3 0.1453125 0.503125 0.1359375 0.1796875
2 0.065625 0.6703125 0.06328125 0.1109375
1 0.91328125 0.34765625 0.0875 0.06875
1 0.77265625 0.44140625 0.0609375 0.0890625
1 0.67734375 0.234375 0.034375 0.0484375
1 0.2390625 0.415625 0.08671875 0.08671875
1 0.634375 0.3109375 0.04453125 0.0828125
1 0.45390625 0.3734375 0.0546875 0.09765625
1 0.4421875 0.2546875 0.0375 0.0640625
1 0.8296875 0.3234375 0.05 0.06640625
1 0.80703125 0.290625 0.0390625 0.046875
1 0.7359375 0.19296875 0.0328125 0.03515625
1 0.4859375 0.19609375 0.028125 0.0515625
1 0.721875 0.17890625 0.0265625 0.03046875
1 0.76328125 0.23671875 0.0390625 0.0515625
1 0.509375 0.1265625 0.02109375 0.0328125
1 0.71484375 0.1703125 0.01640625 0.02578125
1 0.52109375 0.1015625 0.0171875 0.03515625
1 0.6421875 0.1484375 0.0203125 0.040625
1 0.62578125 0.10859375 0.01640625 0.021875
1 0.78203125 0.34921875 0.05078125 0.05859375
3 0.6796875 0.16015625 0.0265625 0.0453125
2 0.66015625 0.17734375 0.0078125 0.0296875
2 0.61328125 0.34765625 0.01796875 0.05
2 0.440625 0.2796875 0.021875 0.05078125
2 0.5875 0.27109375 0.01484375 0.0453125
2 0.5828125 0.23984375 0.01640625 0.02734375
3 0.59609375 0.17734375 0.0328125 0.08984375
3 0.54609375 0.1484375 0.03359375 0.0765625
3 0.553125 0.09140625 0.028125 0.025
3 0.58359375 0.0921875 0.0296875 0.0296875