1 0.625 0.23828125 0.04140625 0.05546875
1 0.56875 0.275 0.040625 0.05078125
1 0.44921875 0.63359375 0.0859375 0.14765625
3 0.371875 0.36015625 0.07890625 0.2046875
1 0.6984375 0.22578125 0.040625 0.0484375
1 0.2484375 0.41796875 0.05546875 0.0890625
1 0.79765625 0.21484375 0.04765625 0.0578125
1 0.82109375 0.20859375 0.03359375 0.04609375
3 0.45625 0.27734375 0.07734375 0.16953125
1 0.3984375 0.22734375 0.03984375 0.03671875
1 0.50859375 0.19453125 0.03203125 0.03671875
1 0.72734375 0.7796875 0.13125 0.17265625
1 0.62578125 0.18515625 0.02421875 0.02265625
1 0.8140625 0.1859375 0.02578125 0.025