1 0.8609375 0.82109375 0.0796875 0.08125
1 0.6 0.81796875 0.07109375 0.08125
1 0.21328125 0.81640625 0.0671875 0.090625
1 0.6375 0.7359375 0.06015625 0.0765625
1 0.28203125 0.584375 0.02578125 0.03046875
1 0.33515625 0.85703125 0.0953125 0.11640625
1 0.5921875 0.6140625 0.0421875 0.0515625
1 0.32734375 0.69296875 0.0515625 0.0640625
1 0.278125 0.6 0.028125 0.03125
1 0.32734375 0.5984375 0.040625 0.0390625
1 0.44296875 0.55234375 0.0265625 0.02578125
1 0.33203125 0.6515625 0.04296875 0.04140625
1 0.475 0.62890625 0.0421875 0.04296875
1 0.546875 0.88828125 0.1078125 0.125
1 0.4453125 0.74765625 0.06328125 0.06640625
1 0.33046875 0.75546875 0.06015625 0.06328125
1 0.29609375 0.6703125 0.04375 0.05234375
1 0.34921875 0.78515625 0.0703125 0.0703125
1 0.2625 0.6296875 0.03984375 0.053125
1 0.3796875 0.584375 0.03359375 0.03671875
1 0.42265625 0.675 0.05078125 0.053125
1 0.38359375 0.553125 0.03046875 0.034375
1 0.3390625 0.565625 0.03203125 0.03515625
1 0.39765625 0.62734375 0.03515625 0.03984375
1 0.40078125 0.6515625 0.04296875 0.046875
1 0.49765625 0.6734375 0.05234375 0.065625
1 0.2671875 0.5796875 0.021875 0.02265625
1 0.5109375 0.7140625 0.05078125 0.05546875
1 0.5484375 0.740625 0.0765625 0.08359375
1 0.92265625 0.60546875 0.040625 0.0390625
1 0.41640625 0.55 0.01953125 0.0203125
1 0.7953125 0.53984375 0.028125 0.0203125
1 0.503125 0.5453125 0.021875 0.02578125
1 0.41484375 0.71796875 0.05859375 0.059375
1 0.54609375 0.571875 0.03359375 0.04140625
1 0.3421875 0.5484375 0.021875 0.02265625
1 0.5109375 0.8203125 0.09453125 0.11484375
1 0.1484375 0.86015625 0.11953125 0.16171875
1 0.73828125 0.54609375 0.03515625 0.0375
1 0.9671875 0.5953125 0.0359375 0.04453125
1 0.7734375 0.5203125 0.021875 0.015625
1 0.4390625 0.5484375 0.00859375 0.0125
1 0.31015625 0.54453125 0.0109375 0.01953125
1 0.81953125 0.55546875 0.0203125 0.03046875
1 0.3265625 0.546875 0.01328125 0.01953125
1 0.08359375 0.58359375 0.04296875 0.03046875
1 0.909375 0.5671875 0.02109375 0.02109375
1 0.7140625 0.53203125 0.02578125 0.02265625
3 0.23359375 0.71171875 0.06875 0.09453125
1 0.84609375 0.540625 0.01875 0.0328125
1 0.98671875 0.5765625 0.02578125 0.03203125
1 0.3296875 0.725 0.046875 0.0484375
1 0.01640625 0.62421875 0.028125 0.02265625
1 0.99140625 0.63359375 0.015625 0.05234375
3 0.3328125 0.51640625 0.03125 0.04609375