2 0.09765625 0.5703125 0.04375 0.10078125
1 0.58984375 0.42265625 0.07109375 0.0890625
3 0.846875 0.5015625 0.13671875 0.18828125
2 0.50703125 0.303125 0.021875 0.05546875
1 0.1703125 0.321875 0.05 0.0625
1 0.5609375 0.25625 0.03671875 0.0640625
1 0.1953125 0.290625 0.0390625 0.05
1 0.2375 0.23984375 0.03984375 0.06015625
1 0.08515625 0.34921875 0.0859375 0.06875
1 0.25546875 0.93671875 0.2421875 0.11953125
1 0.5140625 0.196875 0.028125 0.05703125
3 0.4640625 0.2015625 0.03125 0.07734375
2 0.425 0.21640625 0.021875 0.04765625
1 0.4796875 0.10078125 0.01796875 0.0328125
1 0.759375 0.415625 0.08671875 0.0859375
1 0.490625 0.1265625 0.021875 0.03984375
1 0.27578125 0.18125 0.0234375 0.0328125
1 0.26328125 0.1921875 0.03046875 0.03828125
1 0.41875 0.09453125 0.02265625 0.03984375
1 0.28515625 0.16640625 0.01875 0.03203125
3 0.45078125 0.1171875 0.0296875 0.0640625
3 0.40859375 0.1609375 0.034375 0.08828125