3 0.503125 0.31875 0.05234375 0.1109375
3 0.5828125 0.32109375 0.05078125 0.1109375
1 0.29375 0.79375 0.115625 0.15
1 0.46953125 0.59609375 0.090625 0.1265625
1 0.48515625 0.73125 0.10546875 0.1328125
1 0.11484375 0.73671875 0.10546875 0.13125
1 0.51171875 0.8421875 0.1109375 0.12421875
1 0.93125 0.640625 0.0859375 0.1
1 0.16875 0.40625 0.05703125 0.07421875
1 0.39453125 0.3109375 0.02890625 0.0296875
1 0.196875 0.52890625 0.06015625 0.07421875
1 0.32109375 0.30546875 0.03125 0.03828125
1 0.82109375 0.5390625 0.06953125 0.07578125
1 0.10625 0.33125 0.03515625 0.0421875
1 0.7859375 0.6109375 0.078125 0.09765625
3 0.6515625 0.44453125 0.096875 0.1859375
3 0.71171875 0.3875 0.0625 0.1234375
1 0.4828125 0.3859375 0.04296875 0.04921875
1 0.8890625 0.753125 0.1203125 0.1671875
1 0.18125 0.32734375 0.03515625 0.04375
3 0.30390625 0.5296875 0.10546875 0.23984375
3 0.22109375 0.2875 0.059375 0.096875
1 0.446875 0.2890625 0.0234375 0.0265625
1 0.15 0.353125 0.04296875 0.0625
3 0.63125 0.29453125 0.03203125 0.059375
3 0.5953125 0.28203125 0.04296875 0.078125
1 0.54296875 0.31015625 0.01015625 0.01953125
1 0.5390625 0.30625 0.028125 0.04140625