1 0.29609375 0.7 0.0703125 0.09375
3 0.83203125 0.47109375 0.0640625 0.11015625
1 0.1671875 0.6515625 0.0609375 0.07890625
1 0.353125 0.575 0.053125 0.06953125
1 0.296875 0.5671875 0.0484375 0.06875
1 0.47265625 0.540625 0.05 0.0640625
1 0.33828125 0.93359375 0.10703125 0.128125
1 0.4125 0.53828125 0.04453125 0.05546875
1 0.6390625 0.5671875 0.053125 0.059375
1 0.56796875 0.8671875 0.10078125 0.14609375
1 0.58359375 0.67734375 0.065625 0.07734375
1 0.69140625 0.68828125 0.06796875 0.075
1 0.51953125 0.49921875 0.04296875 0.05234375
1 0.725 0.5828125 0.05546875 0.05234375
1 0.559375 0.44296875 0.02890625 0.0390625
1 0.49140625 0.440625 0.0296875 0.04140625
3 0.39765625 0.45234375 0.05 0.10078125
1 0.44609375 0.4984375 0.0375 0.04609375
1 0.54140625 0.465625 0.0328125 0.05
1 0.68359375 0.45703125 0.0375 0.05234375
1 0.6890625 0.49921875 0.04296875 0.0484375
1 0.746875 0.484375 0.0421875 0.053125
1 0.509375 0.4015625 0.03046875 0.0421875
1 0.48125 0.39140625 0.02890625 0.0390625
1 0.51796875 0.41796875 0.01875 0.0296875
1 0.8359375 0.57578125 0.05078125 0.04140625
1 0.53203125 0.38984375 0.028125 0.03125
3 0.446875 0.35546875 0.03359375 0.06640625
1 0.5609375 0.39296875 0.028125 0.04609375
1 0.71953125 0.40078125 0.0265625 0.03515625
1 0.46015625 0.41171875 0.01640625 0.03359375
1 0.65390625 0.38828125 0.0171875 0.02265625
1 0.828125 0.6546875 0.07421875 0.12421875
1 0.6890625 0.375 0.0234375 0.04140625
3 0.7453125 0.36328125 0.04140625 0.075