0 0.1453125 0.8265625 0.15390625 0.346875
1 0.11953125 0.51484375 0.08984375 0.10625
3 0.8546875 0.503125 0.1359375 0.1796875
2 0.934375 0.6703125 0.06328125 0.1109375
1 0.08671875 0.34765625 0.0875 0.06875
1 0.22734375 0.44140625 0.0609375 0.0890625
1 0.32265625 0.234375 0.034375 0.0484375
1 0.7609375 0.415625 0.08671875 0.08671875
1 0.365625 0.3109375 0.04453125 0.0828125
1 0.54609375 0.3734375 0.0546875 0.09765625
1 0.5578125 0.2546875 0.0375 0.0640625
1 0.1703125 0.3234375 0.05 0.06640625
1 0.19296875 0.290625 0.0390625 0.046875
1 0.2640625 0.19296875 0.0328125 0.03515625
1 0.5140625 0.19609375 0.028125 0.0515625
1 0.278125 0.17890625 0.0265625 0.03046875
1 0.23671875 0.23671875 0.0390625 0.0515625
1 0.490625 0.1265625 0.02109375 0.0328125
1 0.28515625 0.1703125 0.01640625 0.02578125
1 0.47890625 0.1015625 0.0171875 0.03515625
1 0.3578125 0.1484375 0.0203125 0.040625
1 0.37421875 0.10859375 0.01640625 0.021875
1 0.21796875 0.34921875 0.05078125 0.05859375
3 0.3203125 0.16015625 0.0265625 0.0453125
2 0.33984375 0.17734375 0.0078125 0.0296875
2 0.38671875 0.34765625 0.01796875 0.05
2 0.559375 0.2796875 0.021875 0.05078125
2 0.4125 0.27109375 0.01484375 0.0453125
2 0.4171875 0.23984375 0.01640625 0.02734375
3 0.40390625 0.17734375 0.0328125 0.08984375
3 0.45390625 0.1484375 0.03359375 0.0765625
3 0.446875 0.09140625 0.028125 0.025
3 0.41640625 0.0921875 0.0296875 0.0296875