2 0.2484375 0.4984375 0.02109375 0.08359375
0 0.2859375 0.22578125 0.0671875 0.1171875
3 0.8546875 0.503125 0.12265625 0.1765625
1 0.76484375 0.41328125 0.09921875 0.07578125
2 0.24609375 0.4828125 0.0203125 0.06015625
1 0.08671875 0.346875 0.0859375 0.06796875
2 0.74609375 0.54609375 0.0359375 0.07578125
2 0.39609375 0.275 0.01171875 0.03828125
1 0.5609375 0.2546875 0.03515625 0.0625
2 0.06875 0.54609375 0.02890625 0.071875
2 0.6625 0.47109375 0.028125 0.06796875
2 0.04765625 0.4265625 0.02265625 0.05859375
1 0.16953125 0.321875 0.04765625 0.0609375
1 0.9125 0.75703125 0.171875 0.21171875
2 0.35546875 0.2328125 0.009375 0.02734375
2 0.203125 0.34921875 0.0171875 0.04921875
2 0.9453125 0.671875 0.03359375 0.065625
1 0.5140625 0.19453125 0.025 0.053125
1 0.403125 0.1953125 0.02890625 0.05234375
1 0.48828125 0.1265625 0.02109375 0.034375
1 0.196875 0.28984375 0.03828125 0.05
1 0.44375 0.11328125 0.0171875 0.0265625
1 0.4796875 0.09921875 0.01640625 0.03125
1 0.46875 0.08203125 0.0140625 0.0203125
2 0.41875 0.2234375 0.01171875 0.03671875
1 0.34296875 0.090625 0.015625 0.021875
1 0.3765625 0.0796875 0.015625 0.01953125
1 0.47109375 0.15859375 0.021875 0.05390625
2 0.93046875 0.6546875 0.02578125 0.053125
2 0.25078125 0.5515625 0.02109375 0.071875
1 0.4453125 0.146875 0.01953125 0.04140625
2 0.009375 0.575 0.01875 0.06484375
1 0.01015625 0.86640625 0.01953125 0.11875
2 0.41328125 0.4015625 0.01875 0.0421875
1 0.23515625 0.23671875 0.03125 0.05078125
3 0.41171875 0.14296875 0.03125 0.06484375
3 0.41484375 0.09375 0.03359375 0.04609375