3 0.9375 0.8125 0.125 0.34765625
0 0.6 0.309375 0.05078125 0.10625
2 0.46640625 0.340625 0.03046875 0.07578125
1 0.23515625 0.40859375 0.09609375 0.0875
1 0.91484375 0.34921875 0.08828125 0.06796875
1 0.43984375 0.25546875 0.03515625 0.0625
1 0.83046875 0.321875 0.0484375 0.06171875
1 0.6453125 0.1421875 0.02890625 0.053125
3 0.58359375 0.090625 0.02734375 0.03359375
1 0.8046875 0.29140625 0.0390625 0.04921875
0 0.1484375 0.50234375 0.12890625 0.1796875
3 0.55390625 0.084375 0.0171875 0.0328125
1 0.59765625 0.196875 0.0296875 0.05546875
3 0.60234375 0.871875 0.31171875 0.253125
1 0.4859375 0.196875 0.0265625 0.05625
1 0.7359375 0.19375 0.03203125 0.03515625
3 0.58828125 0.14296875 0.03203125 0.06953125
2 0.48359375 0.28515625 0.01484375 0.040625
1 0.51171875 0.1265625 0.02265625 0.03515625
1 0.7625 0.2359375 0.0390625 0.053125
0 0.65859375 0.12265625 0.03125 0.05390625
1 0.721875 0.17734375 0.02578125 0.02890625
1 0.70078125 0.14375 0.0234375 0.03046875
1 0.54140625 0.171875 0.0203125 0.0359375
1 0.53125 0.08359375 0.0140625 0.025
1 0.81953125 0.234375 0.03125 0.03984375
1 0.5203125 0.10078125 0.01796875 0.0328125