3 0.18203125 0.5546875 0.35078125 0.4109375
1 0.91875 0.34609375 0.1078125 0.06796875
1 0.73671875 0.19453125 0.03203125 0.0359375
1 0.52109375 0.10078125 0.0171875 0.02890625
1 0.546875 0.12578125 0.01796875 0.0265625
1 0.51015625 0.128125 0.0203125 0.03125
1 0.5515625 0.09609375 0.01953125 0.02890625
1 0.7234375 0.18125 0.025 0.03359375
1 0.5828125 0.1015625 0.01796875 0.02578125
1 0.54375 0.146875 0.01875 0.02578125
1 0.4859375 0.19375 0.0265625 0.04765625
1 0.7171875 0.16796875 0.02265625 0.034375
1 0.7625 0.23671875 0.03828125 0.05546875
3 0.5078125 0.30390625 0.09296875 0.140625
1 0.8296875 0.32109375 0.05 0.06171875
1 0.80234375 0.28828125 0.040625 0.05859375
1 0.5390625 0.16875 0.02109375 0.02890625
1 0.43984375 0.25546875 0.0359375 0.0609375
1 0.53125 0.0953125 0.01484375 0.025
3 0.5921875 0.178125 0.04140625 0.1375
1 0.5375 0.19609375 0.02578125 0.0625
1 0.81875 0.23125 0.03046875 0.0390625
1 0.55625 0.11953125 0.0109375 0.02265625
1 0.5796875 0.084375 0.021875 0.0328125
1 0.48515625 0.15859375 0.021875 0.0265625
1 0.69296875 0.1390625 0.0203125 0.03046875
1 0.521875 0.11796875 0.0109375 0.01953125