3 0.315625 0.4203125 0.109375 0.2390625
1 0.765625 0.40625 0.10390625 0.0796875
1 0.08515625 0.346875 0.0859375 0.0671875
1 0.56015625 0.25546875 0.034375 0.06015625
1 0.16875 0.321875 0.0484375 0.0640625
1 0.37578125 0.31015625 0.0390625 0.06953125
3 0.3921875 0.23671875 0.046875 0.08671875
3 0.8515625 0.5015625 0.13046875 0.18125
1 0.19453125 0.29375 0.0390625 0.05234375
3 0.4703125 0.2265625 0.040625 0.10546875
1 0.2640625 0.19375 0.0328125 0.0359375
1 0.46796875 0.08203125 0.0140625 0.01953125
1 0.2765625 0.1796875 0.02578125 0.03046875
1 0.42109375 0.09921875 0.0125 0.01796875
1 0.44375 0.1 0.015625 0.02265625
1 0.41953125 0.11953125 0.015625 0.021875
1 0.42109375 0.08828125 0.0140625 0.0234375
1 0.41328125 0.13359375 0.01953125 0.02265625
1 0.2375 0.23515625 0.03828125 0.05234375
1 0.28515625 0.16484375 0.01796875 0.0296875
1 0.30078125 0.14765625 0.02421875 0.03046875
1 0.5140625 0.19765625 0.02734375 0.05625
1 0.490625 0.12890625 0.0203125 0.03125
1 0.35078125 0.125 0.01875 0.02734375
1 0.48359375 0.1015625 0.02109375 0.0328125
1 0.44375 0.115625 0.01328125 0.021875
3 0.40625 0.17265625 0.03046875 0.0484375
2 0.43359375 0.2046875 0.009375 0.04140625
2 0.4421875 0.19296875 0.01015625 0.03515625