3 0.8859375 0.36640625 0.08125 0.17578125
3 0.190625 0.35546875 0.06640625 0.14765625
1 0.509375 0.88671875 0.14375 0.16328125
1 0.21640625 0.86875 0.12109375 0.15390625
1 0.37578125 0.73984375 0.1078125 0.13125
1 0.19453125 0.7109375 0.09375 0.115625
1 0.25390625 0.503125 0.06171875 0.075
1 0.1640625 0.62109375 0.0703125 0.09296875
1 0.91484375 0.6546875 0.09375 0.11328125
1 0.7484375 0.5796875 0.071875 0.084375
1 0.315625 0.4484375 0.053125 0.06328125
1 0.134375 0.484375 0.05546875 0.07578125
1 0.28515625 0.384375 0.05078125 0.06953125
1 0.728125 0.49296875 0.0609375 0.0734375
1 0.878125 0.56875 0.08046875 0.10390625
1 0.665625 0.46328125 0.053125 0.06875
1 0.11796875 0.4515625 0.05390625 0.07109375
1 0.16640625 0.57578125 0.0734375 0.07109375
1 0.49375 0.35625 0.04375 0.05234375
1 0.60546875 0.3984375 0.0546875 0.0765625
3 0.45546875 0.30234375 0.06015625 0.12890625
1 0.1625 0.25390625 0.0234375 0.0296875
1 0.0796875 0.35 0.028125 0.03515625
1 0.196875 0.24296875 0.021875 0.02578125
1 0.33671875 0.32890625 0.0265625 0.03046875
1 0.41171875 0.328125 0.02578125 0.0375
3 0.3875 0.240625 0.028125 0.0734375
1 0.13671875 0.31796875 0.02578125 0.03671875