1 0.46875 0.084375 0.01484375 0.02421875
1 0.47890625 0.1015625 0.01796875 0.03359375
1 0.4484375 0.1 0.0171875 0.03671875
1 0.23671875 0.23671875 0.0390625 0.0515625
1 0.3421875 0.09296875 0.01484375 0.02734375
1 0.2765625 0.1796875 0.02578125 0.03046875
1 0.2640625 0.1921875 0.03203125 0.03359375
0 0.09453125 0.6015625 0.18671875 0.41484375
3 0.90234375 0.63671875 0.1953125 0.3046875
3 0.8484375 0.46953125 0.12421875 0.13125
3 0.4109375 0.140625 0.02421875 0.059375
3 0.41640625 0.09375 0.01953125 0.04140625
2 0.5296875 0.33046875 0.015625 0.06875
2 0.36953125 0.415625 0.02734375 0.07578125
2 0.590625 0.396875 0.021875 0.07421875
2 0.69140625 0.50234375 0.028125 0.08515625
1 0.490625 0.128125 0.01953125 0.0328125
1 0.19375 0.29140625 0.03828125 0.04921875
1 0.51328125 0.196875 0.028125 0.05234375
1 0.3421875 0.146875 0.0234375 0.04140625
1 0.40546875 0.19609375 0.02734375 0.05078125
1 0.16953125 0.321875 0.0484375 0.0625
1 0.08515625 0.3484375 0.08671875 0.06875
1 0.56015625 0.25546875 0.034375 0.06171875
1 0.4671875 0.09765625 0.0125 0.025
2 0.4984375 0.2296875 0.0125 0.03203125
1 0.30078125 0.14609375 0.02578125 0.0328125
2 0.48046875 0.17890625 0.009375 0.0265625
1 0.284375 0.1671875 0.0203125 0.03203125
1 0.4546875 0.22109375 0.02734375 0.053125
1 0.1875 0.23125 0.01875 0.03515625
2 0.3765625 0.25625 0.0109375 0.03203125
1 0.35703125 0.08828125 0.0171875 0.0265625
1 0.759375 0.41328125 0.08671875 0.08359375
1 0.40859375 0.10625 0.0203125 0.02578125
2 0.3375 0.190625 0.0125 0.02734375
1 0.240625 0.096875 0.02734375 0.02109375
1 0.44296875 0.06328125 0.01171875 0.02890625
2 0.475 0.20390625 0.009375 0.0265625
2 0.3734375 0.2375 0.0125 0.02578125
2 0.415625 0.228125 0.0109375 0.03515625
2 0.6359375 0.31953125 0.015625 0.040625
2 0.63125 0.3390625 0.025 0.028125
2 0.48828125 0.1953125 0.01015625 0.02109375