3 0.640625 0.43828125 0.11796875 0.17890625
2 0.46484375 0.13359375 0.01015625 0.02421875
1 0.50859375 0.2921875 0.05234375 0.08359375
1 0.5609375 0.2546875 0.03671875 0.06171875
1 0.2640625 0.1921875 0.03125 0.0359375
1 0.084375 0.3484375 0.0859375 0.06796875
1 0.75859375 0.41640625 0.08828125 0.0859375
1 0.5140625 0.19765625 0.02734375 0.05234375
3 0.84921875 0.5015625 0.12734375 0.1796875
1 0.2765625 0.18125 0.02421875 0.03359375
1 0.19609375 0.29140625 0.0390625 0.053125
1 0.2359375 0.23828125 0.0375 0.05390625
1 0.16953125 0.32109375 0.0484375 0.06015625
1 0.49140625 0.1328125 0.01953125 0.02578125
2 0.36953125 0.14921875 0.00546875 0.028125
1 0.4171875 0.1015625 0.01640625 0.02109375
2 0.3875 0.14140625 0.009375 0.03125
2 0.38515625 0.17109375 0.0109375 0.03515625
3 0.4109375 0.17578125 0.04140625 0.1296875
1 0.48046875 0.10390625 0.0234375 0.046875
1 0.28515625 0.165625 0.0203125 0.03046875
1 0.4625 0.175 0.01953125 0.0359375