3 0.5921875 0.15703125 0.0359375 0.103125
2 0.6859375 0.32109375 0.02265625 0.05546875
1 0.34375 0.47109375 0.0875 0.11796875
2 0.815625 0.41171875 0.01953125 0.059375
1 0.91484375 0.34921875 0.08671875 0.06875
1 0.440625 0.25390625 0.0375 0.0609375
1 0.23984375 0.4140625 0.0875 0.08125
2 0.715625 0.23046875 0.01171875 0.0390625
1 0.48125 0.196875 0.034375 0.053125
2 0.72265625 0.27265625 0.01875 0.0421875
1 0.82890625 0.3203125 0.04765625 0.0609375
1 0.73671875 0.19140625 0.03125 0.0359375
3 0.53125 0.19296875 0.03671875 0.0796875
2 0.990625 0.57421875 0.01796875 0.0609375
1 0.80390625 0.2921875 0.0375 0.0515625
1 0.03828125 0.94765625 0.0734375 0.0921875
1 0.5203125 0.1015625 0.0171875 0.0328125
1 0.5828125 0.1015625 0.0171875 0.0203125
1 0.72421875 0.18125 0.021875 0.03203125
1 0.50859375 0.12890625 0.0203125 0.03125
3 0.5421875 0.13046875 0.02421875 0.04296875
1 0.76171875 0.2375 0.03828125 0.05625
3 0.15390625 0.50625 0.1140625 0.1875
3 0.50078125 0.31171875 0.0578125 0.09296875
3 0.671875 0.2203125 0.04296875 0.0859375
3 0.6640625 0.13203125 0.03671875 0.08359375
2 0.56484375 0.13203125 0.00625 0.0265625