1 0.478125 0.5265625 0.040625 0.04921875
1 0.6890625 0.59140625 0.04765625 0.06484375
1 0.64921875 0.9359375 0.10390625 0.12578125
1 0.5203125 0.565625 0.0484375 0.0609375
1 0.690625 0.715625 0.06953125 0.0875
1 0.5796875 0.5640625 0.04296875 0.0546875
1 0.81328125 0.6703125 0.06015625 0.07421875
1 0.415625 0.69609375 0.06484375 0.07734375
1 0.440625 0.471875 0.028125 0.03515625
3 0.5453125 0.39609375 0.0328125 0.06875
1 0.4984375 0.4703125 0.02890625 0.03671875
1 0.3125 0.7078125 0.0640625 0.08046875
1 0.48671875 0.42578125 0.021875 0.028125
3 0.5921875 0.48359375 0.046875 0.09765625
1 0.63515625 0.59921875 0.05078125 0.065625
1 0.36171875 0.5921875 0.05 0.05859375
1 0.43125 0.871875 0.09609375 0.140625
1 0.45546875 0.49609375 0.034375 0.05234375
1 0.28046875 0.6078125 0.053125 0.0625
1 0.54765625 0.528125 0.0375 0.0453125
1 0.34765625 0.4296875 0.0203125 0.03359375
1 0.31484375 0.53046875 0.0421875 0.046875
1 0.53203125 0.4375 0.02734375 0.0390625
1 0.459375 0.42421875 0.015625 0.02109375
1 0.26015625 0.5125 0.04140625 0.0484375
1 0.31953125 0.4875 0.0359375 0.05
1 0.17578125 0.596875 0.046875 0.0390625
1 0.60078125 0.42265625 0.01640625 0.0203125
1 0.2859375 0.43671875 0.0265625 0.03515625
1 0.43671875 0.42734375 0.0296875 0.04921875
1 0.31484375 0.4109375 0.02421875 0.03671875
3 0.17890625 0.49609375 0.0546875 0.08515625
1 0.18046875 0.65234375 0.07109375 0.1234375
3 0.29453125 0.4171875 0.02421875 0.0375
1 0.365625 0.42578125 0.028125 0.0359375
1 0.47578125 0.45234375 0.0078125 0.01328125
1 0.49765625 0.42265625 0.0203125 0.0265625
1 0.41953125 0.42109375 0.0203125 0.0265625
1 0.1796875 0.55859375 0.046875 0.0296875