1 0.31328125 0.55546875 0.0515625 0.10546875
1 0.0796875 0.78359375 0.0796875 0.14296875
1 0.77109375 0.3921875 0.03984375 0.07734375
1 0.3109375 0.81796875 0.078125 0.153125
1 0.225 0.67890625 0.0734375 0.1625
1 0.23359375 0.76328125 0.071875 0.140625
1 0.38125 0.6015625 0.059375 0.10625
1 0.77109375 0.72578125 0.071875 0.1015625
1 0.62890625 0.4703125 0.0390625 0.07265625
1 0.6296875 0.73359375 0.07265625 0.121875
1 0.62890625 0.621875 0.06328125 0.09375
1 0.35625 0.74140625 0.07109375 0.14453125
1 0.36171875 0.46875 0.046875 0.090625
1 0.32421875 0.36953125 0.034375 0.07109375
1 0.7390625 0.59140625 0.06015625 0.084375
1 0.80390625 0.9234375 0.10546875 0.1515625
3 0.2421875 0.40859375 0.07578125 0.2671875
1 0.3703125 0.415625 0.0390625 0.078125
1 0.40390625 0.3578125 0.034375 0.0859375
1 0.4625 0.3578125 0.0390625 0.084375
1 0.7125 0.42578125 0.0625 0.10390625
1 0.32578125 0.2828125 0.02890625 0.0578125
1 0.4875 0.309375 0.028125 0.05703125
3 0.36796875 0.24296875 0.04921875 0.13515625
1 0.4265625 0.290625 0.0359375 0.0703125
1 0.36875 0.66875 0.05234375 0.1203125
1 0.62265625 0.52421875 0.04609375 0.0609375
1 0.75859375 0.33515625 0.03515625 0.065625
3 0.86640625 0.51640625 0.09609375 0.3203125
1 0.65625 0.22578125 0.03984375 0.053125
3 0.94375 0.6984375 0.1125 0.434375
1 0.628125 0.3859375 0.03984375 0.07890625
1 0.2921875 0.24765625 0.0234375 0.0421875
1 0.48515625 0.27734375 0.03046875 0.0578125
3 0.72890625 0.20234375 0.04765625 0.10078125
1 0.62109375 0.57890625 0.04921875 0.07109375
1 0.3953125 0.278125 0.009375 0.025
1 0.278125 0.33046875 0.01484375 0.07109375
3 0.475 0.16484375 0.04140625 0.0921875