2 0.765625 0.70234375 0.0484375 0.1265625
0 0.775 0.37265625 0.06484375 0.13046875
1 0.2375 0.409375 0.1046875 0.075
3 0.15625 0.50078125 0.12578125 0.1890625
1 0.9140625 0.34765625 0.084375 0.0671875
1 0.43984375 0.2546875 0.03515625 0.0609375
0 0.51484375 0.2359375 0.03203125 0.07421875
1 0.83125 0.32109375 0.046875 0.0609375
1 0.48515625 0.196875 0.0265625 0.053125
1 0.80390625 0.290625 0.04140625 0.05
0 0.76328125 0.23671875 0.03984375 0.053125
1 0.7359375 0.1921875 0.03046875 0.0328125
1 0.55 0.1609375 0.0203125 0.0421875
3 0.5875 0.14609375 0.0265625 0.0640625
1 0.5109375 0.12734375 0.021875 0.03515625
1 0.5953125 0.19609375 0.0265625 0.05078125
1 0.53125 0.08359375 0.01484375 0.0234375
1 0.72421875 0.17890625 0.02421875 0.028125
3 0.5828125 0.0875 0.02734375 0.03359375
0 0.65703125 0.13046875 0.04296875 0.075
1 0.640625 0.0828125 0.01953125 0.021875
1 0.5546875 0.11796875 0.01484375 0.03515625
2 0.7046875 0.21484375 0.01171875 0.03671875
2 0.69453125 0.1921875 0.01015625 0.03125
2 0.51640625 0.18515625 0.01171875 0.02421875
2 0.53203125 0.1765625 0.01015625 0.02890625
2 0.53203125 0.1359375 0.01171875 0.02578125