3 0.48046875 0.32578125 0.05859375 0.096875
1 0.16953125 0.4203125 0.04453125 0.04765625
1 0.17734375 0.503125 0.0546875 0.06484375
1 0.70390625 0.46171875 0.059375 0.05703125
1 0.13515625 0.3953125 0.0296875 0.04140625
1 0.35625 0.38828125 0.04375 0.05
3 0.390625 0.34296875 0.0625 0.10234375
1 0.72890625 0.83125 0.05859375 0.13984375
1 0.89375 0.52578125 0.06328125 0.06953125
1 0.45078125 0.34765625 0.01875 0.03203125
1 0.8890625 0.87265625 0.15859375 0.17890625
3 0.25546875 0.44765625 0.12890625 0.22734375
3 0.7265625 0.421875 0.06015625 0.09140625
3 0.58046875 0.32109375 0.07734375 0.0953125
3 0.3203125 0.35234375 0.0375 0.0875
3 0.71484375 0.33984375 0.04296875 0.0515625
3 0.22265625 0.3171875 0.08359375 0.1203125
3 0.52265625 0.325 0.0421875 0.084375
1 0.009375 0.571875 0.01875 0.059375
3 0.96171875 0.51640625 0.07421875 0.1484375
3 0.3296875 0.7 0.18671875 0.29765625
1 0.81015625 0.3484375 0.0453125 0.0359375
1 0.15859375 0.3546875 0.0359375 0.06640625
3 0.0828125 0.38046875 0.0765625 0.16328125
3 0.02734375 0.41484375 0.0546875 0.1921875
3 0.46015625 0.81015625 0.175 0.2828125
3 0.45234375 0.2734375 0.084375 0.065625
1 0.79375 0.85078125 0.05234375 0.15390625