2 0.37109375 0.42890625 0.021875 0.059375
2 0.6609375 0.521875 0.025 0.0890625
2 0.62578125 0.4078125 0.0234375 0.0828125
2 0.7328125 0.421875 0.03671875 0.0375
3 0.1484375 0.49453125 0.1265625 0.16953125
3 0.07890625 0.72734375 0.1578125 0.2953125
3 0.88125 0.77578125 0.21015625 0.440625
3 0.71953125 0.63046875 0.084375 0.178125
3 0.915625 0.34375 0.1015625 0.05625
3 0.71640625 0.4875 0.0625 0.08515625
3 0.51875 0.228125 0.0578125 0.1515625
3 0.58828125 0.1515625 0.02890625 0.07421875
3 0.54921875 0.1140625 0.02890625 0.07265625
1 0.6578125 0.359375 0.05 0.07890625
1 0.61328125 0.29453125 0.0375 0.06796875
1 0.484375 0.19765625 0.0328125 0.0578125
1 0.43828125 0.25390625 0.040625 0.06484375
1 0.23671875 0.40859375 0.0875 0.071875
1 0.8296875 0.321875 0.04453125 0.05625
1 0.8046875 0.28984375 0.0390625 0.04921875
1 0.76171875 0.23671875 0.0359375 0.05078125
1 0.73671875 0.19375 0.025 0.040625
1 0.721875 0.17734375 0.02109375 0.0359375