2 0.603125 0.61953125 0.0328125 0.1234375
1 0.734375 0.5046875 0.06953125 0.10234375
0 0.459375 0.31640625 0.071875 0.1140625
3 0.14609375 0.50390625 0.13359375 0.1734375
1 0.7375 0.3140625 0.03828125 0.07109375
1 0.67109375 0.3578125 0.040625 0.06953125
1 0.915625 0.34921875 0.084375 0.0703125
1 0.440625 0.25234375 0.0375 0.0609375
1 0.8296875 0.32109375 0.05 0.0625
1 0.70234375 0.22578125 0.0328125 0.05078125
1 0.7640625 0.23671875 0.0375 0.0515625
3 0.6703125 0.24296875 0.0390625 0.090625
1 0.24140625 0.415625 0.0859375 0.08828125
1 0.80390625 0.29140625 0.040625 0.0515625
3 0.59140625 0.1734375 0.0359375 0.11328125
1 0.54765625 0.175 0.02109375 0.03515625
1 0.4859375 0.19609375 0.02734375 0.05
1 0.51015625 0.12890625 0.0203125 0.03359375
1 0.734375 0.18984375 0.0328125 0.0359375
3 0.6546875 0.13203125 0.02109375 0.04765625
3 0.134375 0.896875 0.25546875 0.20234375
1 0.521875 0.0984375 0.01875 0.03359375
2 0.5625 0.19921875 0.009375 0.0328125
2 0.5125 0.21796875 0.01875 0.046875
2 0.73359375 0.35703125 0.015625 0.05546875