1 0.215625 0.4 0.03828125 0.03671875
1 0.1765625 0.22734375 0.02421875 0.03203125
1 0.175 0.3765625 0.03359375 0.03984375
1 0.56640625 0.3890625 0.0375 0.02890625
1 0.5109375 0.4296875 0.05 0.0390625
1 0.153125 0.4671875 0.053125 0.07421875
1 0.2484375 0.33125 0.02578125 0.02890625
1 0.5171875 0.31484375 0.0234375 0.01796875
1 0.09140625 0.15078125 0.01796875 0.02109375
1 0.34375 0.6984375 0.09375 0.1
1 0.48984375 0.36171875 0.02890625 0.02734375
1 0.5125 0.34609375 0.0265625 0.02421875
1 0.11484375 0.19765625 0.01796875 0.0296875
1 0.63125 0.5234375 0.06328125 0.05625
1 0.796875 0.675 0.08671875 0.10703125
1 0.0375 0.49453125 0.06015625 0.07734375
1 0.475 0.31640625 0.01875 0.01796875
1 0.2078125 0.27734375 0.028125 0.0296875
1 0.2109375 0.24609375 0.02578125 0.04375
1 0.46640625 0.35390625 0.028125 0.025
1 0.528125 0.58515625 0.07265625 0.065625
1 0.64765625 0.7234375 0.10390625 0.13515625
1 0.14375 0.2109375 0.02109375 0.0328125
1 0.16484375 0.17578125 0.0140625 0.02265625
1 0.23125 0.1875 0.01484375 0.0234375
1 0.4125 0.5515625 0.071875 0.084375
1 0.14375 0.2328125 0.02109375 0.03125
3 0.19375 0.3046875 0.04921875 0.0671875
1 0.175 0.259375 0.01875 0.02578125
0 0.478125 0.8015625 0.19296875 0.36484375