3 0.81796875 0.5546875 0.35078125 0.4109375
1 0.08125 0.34609375 0.1078125 0.06796875
1 0.26328125 0.19453125 0.03203125 0.0359375
1 0.47890625 0.10078125 0.0171875 0.02890625
1 0.453125 0.12578125 0.01796875 0.0265625
1 0.48984375 0.128125 0.0203125 0.03125
1 0.4484375 0.09609375 0.01953125 0.02890625
1 0.2765625 0.18125 0.025 0.03359375
1 0.4171875 0.1015625 0.01796875 0.02578125
1 0.45625 0.146875 0.01875 0.02578125
1 0.5140625 0.19375 0.0265625 0.04765625
1 0.2828125 0.16796875 0.02265625 0.034375
1 0.2375 0.23671875 0.03828125 0.05546875
3 0.4921875 0.30390625 0.09296875 0.140625
1 0.1703125 0.32109375 0.05 0.06171875
1 0.19765625 0.28828125 0.040625 0.05859375
1 0.4609375 0.16875 0.02109375 0.02890625
1 0.56015625 0.25546875 0.0359375 0.0609375
1 0.46875 0.0953125 0.01484375 0.025
3 0.4078125 0.178125 0.04140625 0.1375
1 0.4625 0.19609375 0.02578125 0.0625
1 0.18125 0.23125 0.03046875 0.0390625
1 0.44375 0.11953125 0.0109375 0.02265625
1 0.4203125 0.084375 0.021875 0.0328125
1 0.51484375 0.15859375 0.021875 0.0265625
1 0.30703125 0.1390625 0.0203125 0.03046875
1 0.478125 0.11796875 0.0109375 0.01953125