1 0.2203125 0.384375 0.090625 0.0921875
1 0.19375 0.18203125 0.0578125 0.059375
1 0.25859375 0.46171875 0.10234375 0.115625
1 0.43984375 0.5859375 0.12890625 0.14921875
1 0.090625 0.26640625 0.065625 0.0765625
3 0.09765625 0.09765625 0.08046875 0.11875
1 0.021875 0.15234375 0.04375 0.0578125
1 0.67890625 0.865625 0.16015625 0.1921875
3 0.5125 0.30390625 0.14375 0.22421875
3 0.1515625 0.30625 0.10390625 0.1234375
3 0.48515625 0.4015625 0.14921875 0.2125
1 0.0140625 0.08828125 0.028125 0.05
3 0.80234375 0.48359375 0.15390625 0.2328125