0 0.23203125 0.746875 0.0515625 0.19609375
0 0.26875 0.78203125 0.071875 0.21640625
0 0.2328125 0.41796875 0.03046875 0.12890625
0 0.2578125 0.40859375 0.03359375 0.13125
0 0.3765625 0.31484375 0.0296875 0.1203125
0 0.253125 0.2421875 0.03046875 0.1
0 0.37421875 0.23515625 0.021875 0.08671875
0 0.359375 0.22421875 0.021875 0.09296875
0 0.35390625 0.18203125 0.0140625 0.04609375
0 0.36484375 0.18046875 0.0140625 0.028125
0 0.2359375 0.07421875 0.0125 0.05078125
0 0.26640625 0.01640625 0.01328125 0.0328125
0 0.18046875 0.06171875 0.01484375 0.04609375
0 0.159375 0.075 0.02265625 0.0296875
0 0.15859375 0.13125 0.02109375 0.07578125
0 0.5109375 0.2765625 0.0234375 0.09296875
0 0.49609375 0.32421875 0.0296875 0.1109375
0 0.4921875 0.2828125 0.01640625 0.0828125
0 0.54921875 0.37265625 0.034375 0.1296875
0 0.565625 0.29375 0.0234375 0.1015625
0 0.5796875 0.3 0.01640625 0.09921875
0 0.5921875 0.31328125 0.02890625 0.11484375
0 0.5859375 0.2453125 0.0203125 0.034375
0 0.6046875 0.24765625 0.01953125 0.06015625
0 0.628125 0.26796875 0.01875 0.08203125
0 0.653125 0.278125 0.02890625 0.07734375
0 0.62890625 0.3109375 0.0265625 0.04375
0 0.60859375 0.38984375 0.040625 0.1265625
0 0.6359375 0.36796875 0.03125 0.1078125
0 0.6484375 0.44296875 0.05 0.09921875
0 0.67265625 0.42265625 0.0234375 0.12890625
0 0.6703125 0.39921875 0.0265625 0.0484375
0 0.7 0.30625 0.0125 0.04765625
0 0.70859375 0.2625 0.0203125 0.065625
0 0.7171875 0.29296875 0.0203125 0.0609375
0 0.7296875 0.29296875 0.021875 0.05625
0 0.5578125 0.8125 0.06796875 0.209375
0 0.5953125 0.68828125 0.04296875 0.115625
0 0.609375 0.7953125 0.03984375 0.2078125
0 0.64296875 0.721875 0.04921875 0.171875
0 0.9609375 0.78671875 0.07734375 0.20625
0 0.40078125 0.4640625 0.03828125 0.13203125
0 0.44140625 0.45234375 0.0390625 0.134375