0 0.1375 0.24453125 0.06015625 0.203125
0 0.1890625 0.21171875 0.06875 0.23125
0 0.3859375 0.39140625 0.06484375 0.2046875
0 0.43046875 0.425 0.07421875 0.18046875
0 0.6609375 0.271875 0.08203125 0.215625
0 0.684375 0.31328125 0.065625 0.1890625
0 0.7453125 0.35 0.07109375 0.18828125
0 0.7296875 0.425 0.0484375 0.0859375
0 0.32421875 0.49140625 0.05546875 0.1578125
0 0.3578125 0.51875 0.0484375 0.1578125
0 0.16015625 0.52890625 0.0484375 0.1453125
0 0.18671875 0.54921875 0.06015625 0.13515625
0 0.1796875 0.69765625 0.053125 0.1328125
0 0.1015625 0.76640625 0.040625 0.10625
0 0.0453125 0.93984375 0.025 0.059375
0 0.19375 0.80234375 0.02890625 0.096875
0 0.20078125 0.81953125 0.02265625 0.059375
0 0.2203125 0.784375 0.034375 0.10703125
0 0.23515625 0.834375 0.02890625 0.04765625
0 0.33671875 0.715625 0.0359375 0.12109375
0 0.35234375 0.7640625 0.03125 0.096875
0 0.3828125 0.78984375 0.02890625 0.08671875
0 0.403125 0.73046875 0.03203125 0.09765625
0 0.41953125 0.63984375 0.0484375 0.14375
0 0.428125 0.7828125 0.021875 0.115625
0 0.446875 0.7515625 0.03671875 0.121875
0 0.45390625 0.8078125 0.021875 0.04921875
0 0.4359375 0.80390625 0.0125 0.03359375
0 0.48515625 0.70859375 0.02890625 0.115625
0 0.49296875 0.7625 0.02734375 0.02734375
0 0.51328125 0.78203125 0.021875 0.06328125
0 0.5234375 0.77734375 0.01875 0.06328125
0 0.53359375 0.77578125 0.0265625 0.09296875
0 0.52734375 0.8265625 0.021875 0.05
0 0.56640625 0.80625 0.02734375 0.08515625
0 0.559375 0.79609375 0.02421875 0.0734375
0 0.51640625 0.70234375 0.02890625 0.09765625
0 0.528125 0.64375 0.0453125 0.09296875
0 0.540625 0.684375 0.03125 0.04609375
0 0.56328125 0.6640625 0.040625 0.1359375
0 0.57265625 0.67578125 0.025 0.12578125
0 0.6015625 0.63671875 0.04453125 0.14609375