0 0.290625 0.5859375 0.07578125 0.26484375
0 0.34453125 0.57578125 0.0671875 0.271875
0 0.428125 0.6359375 0.06640625 0.275
0 0.53984375 0.74609375 0.12109375 0.2765625
0 0.53515625 0.790625 0.071875 0.290625
0 0.759375 0.74921875 0.0859375 0.290625
0 0.928125 0.67578125 0.10625 0.26875
0 0.89453125 0.54140625 0.11640625 0.24140625
0 0.94921875 0.5328125 0.07890625 0.1234375
0 0.53671875 0.29765625 0.05390625 0.19140625
0 0.328125 0.1734375 0.03671875 0.1703125
0 0.35703125 0.184375 0.06796875 0.1796875
0 0.440625 0.2015625 0.04609375 0.1625
0 0.47734375 0.20234375 0.05234375 0.17734375
0 0.40859375 0.08046875 0.03984375 0.1375
0 0.3671875 0.07421875 0.0484375 0.1140625
0 0.02109375 0.378125 0.0421875 0.209375