0 0.40390625 0.16484375 0.0953125 0.1453125
0 0.43203125 0.1953125 0.0375 0.1859375
0 0.284375 0.4328125 0.04765625 0.16171875
0 0.28671875 0.4921875 0.05546875 0.0875
0 0.18046875 0.41875 0.04921875 0.178125
0 0.4515625 0.4140625 0.0625 0.16484375
0 0.59375 0.4375 0.05234375 0.12265625
0 0.57265625 0.465625 0.05 0.12109375
0 0.8078125 0.32734375 0.05859375 0.1578125
0 0.76640625 0.309375 0.065625 0.18203125
0 0.72421875 0.44765625 0.06328125 0.1390625
0 0.70234375 0.48203125 0.05703125 0.125
0 0.6140625 0.565625 0.0421875 0.12109375
0 0.6140625 0.64296875 0.03359375 0.08125
0 0.671875 0.68984375 0.028125 0.08671875
0 0.6609375 0.728125 0.0265625 0.0734375
0 0.634375 0.74765625 0.0265625 0.0703125
0 0.6109375 0.753125 0.0140625 0.06796875
0 0.59921875 0.74921875 0.015625 0.04765625
0 0.58828125 0.76015625 0.025 0.0515625
0 0.4625 0.63046875 0.02421875 0.11015625
0 0.44921875 0.6359375 0.02734375 0.10390625
0 0.41953125 0.609375 0.04453125 0.12578125
0 0.5609375 0.67109375 0.01875 0.06328125
0 0.58359375 0.69609375 0.03359375 0.09609375
0 0.54765625 0.69765625 0.02578125 0.08046875
0 0.53203125 0.70078125 0.01875 0.05546875
0 0.53046875 0.6453125 0.03671875 0.06640625
0 0.52109375 0.6796875 0.01796875 0.028125
0 0.4953125 0.646875 0.02890625 0.096875
0 0.80703125 0.6421875 0.03828125 0.10234375
0 0.75234375 0.71328125 0.028125 0.08046875
0 0.7671875 0.71875 0.025 0.0859375
0 0.74765625 0.72421875 0.0265625 0.0796875
0 0.859375 0.7234375 0.03046875 0.08125
0 0.9390625 0.7328125 0.03359375 0.05234375
0 0.9765625 0.7375 0.03671875 0.07421875
0 0.990625 0.7546875 0.01875 0.07578125
0 0.975 0.7578125 0.0296875 0.06640625
0 0.9578125 0.82421875 0.02265625 0.03203125
0 0.9015625 0.85078125 0.02421875 0.0421875
0 0.95234375 0.88203125 0.01640625 0.0296875
0 0.8859375 0.90625 0.009375 0.0296875
0 0.77421875 0.778125 0.02265625 0.05234375