0 0.76484375 0.37265625 0.06796875 0.215625
0 0.9484375 0.07421875 0.07578125 0.1484375
0 0.878125 0.0515625 0.08359375 0.10234375
0 0.540625 0.15703125 0.0796875 0.278125
0 0.4890625 0.1734375 0.05625 0.30234375
0 0.44296875 0.1078125 0.07890625 0.21484375
0 0.18671875 0.0578125 0.1078125 0.115625
0 0.52578125 0.38671875 0.06328125 0.209375
0 0.47734375 0.3546875 0.07265625 0.165625
0 0.484375 0.4484375 0.06015625 0.1265625
0 0.27421875 0.49765625 0.04765625 0.1875
0 0.28203125 0.64453125 0.04453125 0.13515625
0 0.2453125 0.659375 0.04140625 0.115625
0 0.21171875 0.678125 0.03359375 0.0796875
0 0.39375 0.66875 0.02734375 0.15390625
0 0.37578125 0.65546875 0.028125 0.14140625
0 0.9734375 0.56484375 0.053125 0.1421875
0 0.99296875 0.77109375 0.01328125 0.12265625
0 0.978125 0.77265625 0.02578125 0.1125
0 0.925 0.921875 0.015625 0.07265625
0 0.91875 0.865625 0.02109375 0.08125
0 0.9 0.83671875 0.0296875 0.0625
0 0.85390625 0.78125 0.03984375 0.0796875
0 0.859375 0.6984375 0.03359375 0.1265625
0 0.43515625 0.709375 0.02265625 0.12890625
0 0.41875 0.70546875 0.0375 0.12578125
0 0.334375 0.8203125 0.01171875 0.05390625
0 0.34765625 0.82109375 0.0171875 0.06328125
0 0.43515625 0.853125 0.02578125 0.0265625
0 0.475 0.8484375 0.02734375 0.06640625