0 0.05 0.21171875 0.03671875 0.1140625
0 0.065625 0.1125 0.040625 0.05859375
0 0.11328125 0.18125 0.03828125 0.1140625
0 0.11328125 0.3078125 0.05546875 0.14140625
0 0.1453125 0.296875 0.0453125 0.15234375
0 0.31796875 0.37890625 0.03828125 0.15625
0 0.34375 0.46796875 0.05078125 0.14765625
0 0.3671875 0.365625 0.03515625 0.14765625
0 0.40234375 0.47421875 0.04921875 0.1859375
0 0.44609375 0.5078125 0.0359375 0.11796875
0 0.4109375 0.31796875 0.0390625 0.13984375
0 0.421875 0.225 0.02421875 0.10546875
0 0.4359375 0.23515625 0.0140625 0.07109375
0 0.4546875 0.19375 0.02734375 0.125
0 0.4796875 0.209375 0.0296875 0.1125
0 0.54140625 0.3265625 0.0375 0.14453125
0 0.66484375 0.44765625 0.0625 0.0921875
0 0.7046875 0.4328125 0.03828125 0.146875
0 0.68125 0.3671875 0.04609375 0.11640625
0 0.7046875 0.32421875 0.0390625 0.07265625
0 0.17421875 0.81484375 0.0875 0.24453125
0 0.15078125 0.778125 0.06640625 0.2328125
0 0.38359375 0.7359375 0.103125 0.225
0 0.52734375 0.73671875 0.06015625 0.2234375
0 0.56875 0.72109375 0.05078125 0.22421875
0 0.5875 0.66328125 0.0625 0.221875
0 0.6640625 0.73984375 0.07734375 0.2296875
0 0.90703125 0.84375 0.0703125 0.22734375
0 0.975 0.75 0.0484375 0.259375