0 0.10234375 0.84609375 0.09140625 0.15859375
0 0.2484375 0.83671875 0.08125 0.12578125
0 0.52578125 0.7859375 0.1015625 0.08828125
0 0.1953125 0.5140625 0.06171875 0.1703125
0 0.16640625 0.47578125 0.040625 0.1546875
0 0.3328125 0.45625 0.046875 0.14453125
0 0.353125 0.4265625 0.0359375 0.16875
0 0.3703125 0.29921875 0.04296875 0.140625
0 0.41171875 0.4453125 0.04375 0.15
0 0.4171875 0.3671875 0.0390625 0.08125
0 0.02578125 0.175 0.03828125 0.13125
0 0.05859375 0.1015625 0.02734375 0.10078125
0 0.084375 0.115625 0.03203125 0.1015625
0 0.121875 0.2265625 0.034375 0.1296875
0 0.1546875 0.21796875 0.0328125 0.1296875
0 0.1375 0.0890625 0.02734375 0.10546875
0 0.1546875 0.0921875 0.028125 0.103125
0 0.18515625 0.05234375 0.01953125 0.08984375
0 0.1953125 0.1234375 0.03671875 0.1125
0 0.2234375 0.1109375 0.02578125 0.0921875
0 0.2109375 0.1046875 0.01796875 0.09375
0 0.20546875 0.0375 0.01953125 0.06953125