0 0.2734375 0.54296875 0.05234375 0.12578125
0 0.29453125 0.5203125 0.0484375 0.12421875
0 0.40625 0.56015625 0.04296875 0.121875
0 0.41875 0.53828125 0.040625 0.1328125
0 0.55078125 0.58203125 0.06015625 0.15703125
0 0.56796875 0.79921875 0.04453125 0.17734375
0 0.5921875 0.82265625 0.0734375 0.1234375
0 0.7125 0.56640625 0.0578125 0.13984375
0 0.71796875 0.51328125 0.06171875 0.09609375
0 0.8234375 0.58203125 0.04375 0.15390625
0 0.871875 0.55859375 0.02890625 0.134375
0 0.19453125 0.66875 0.0515625 0.14296875
0 0.23359375 0.6890625 0.06484375 0.15859375
0 0.19296875 0.3578125 0.03984375 0.1078125
0 0.24921875 0.28671875 0.03359375 0.0828125
0 0.23203125 0.275 0.03046875 0.08203125
0 0.253125 0.27734375 0.0296875 0.08046875
0 0.3265625 0.31171875 0.0234375 0.08828125
0 0.3390625 0.2703125 0.025 0.07421875
0 0.365625 0.25234375 0.02734375 0.0734375
0 0.38515625 0.43359375 0.03828125 0.11875
0 0.3859375 0.3546875 0.0328125 0.08046875
0 0.39453125 0.31015625 0.03515625 0.06171875
0 0.39375 0.25 0.021875 0.0734375
0 0.403125 0.265625 0.01953125 0.07578125
0 0.4109375 0.23515625 0.01953125 0.040625
0 0.41484375 0.3015625 0.034375 0.0875
0 0.4390625 0.328125 0.02421875 0.065625
0 0.45234375 0.303125 0.02421875 0.0859375
0 0.47109375 0.29921875 0.01796875 0.05234375
0 0.47109375 0.35390625 0.03671875 0.06875
0 0.48046875 0.321875 0.02421875 0.034375
0 0.50546875 0.3484375 0.02890625 0.09296875
0 0.14375 0.27734375 0.02890625 0.08359375
0 0.0609375 0.26796875 0.03671875 0.04921875
0 0.0234375 0.26484375 0.03359375 0.07421875
0 0.01015625 0.24296875 0.0203125 0.0765625
0 0.028125 0.2453125 0.0296875 0.07578125
0 0.04296875 0.171875 0.02265625 0.03359375
0 0.09453125 0.14765625 0.01796875 0.04296875
0 0.04765625 0.12109375 0.0203125 0.0328125
0 0.1140625 0.09453125 0.0125 0.03203125
0 0.22421875 0.22109375 0.0234375 0.0484375
0 0.534375 0.3703125 0.028125 0.1109375
0 0.553125 0.3625 0.028125 0.10546875
0 0.5796875 0.3890625 0.05078125 0.11875