0 0.290625 0.4140625 0.07578125 0.26484375
0 0.34453125 0.42421875 0.0671875 0.271875
0 0.428125 0.3640625 0.06640625 0.275
0 0.53984375 0.25390625 0.12109375 0.2765625
0 0.53515625 0.209375 0.071875 0.290625
0 0.759375 0.25078125 0.0859375 0.290625
0 0.928125 0.32421875 0.10625 0.26875
0 0.89453125 0.45859375 0.11640625 0.24140625
0 0.94921875 0.4671875 0.07890625 0.1234375
0 0.53671875 0.70234375 0.05390625 0.19140625
0 0.328125 0.8265625 0.03671875 0.1703125
0 0.35703125 0.815625 0.06796875 0.1796875
0 0.440625 0.7984375 0.04609375 0.1625
0 0.47734375 0.79765625 0.05234375 0.17734375
0 0.40859375 0.91953125 0.03984375 0.1375
0 0.3671875 0.92578125 0.0484375 0.1140625
0 0.02109375 0.621875 0.0421875 0.209375