0 0.709375 0.5859375 0.07578125 0.26484375
0 0.65546875 0.57578125 0.0671875 0.271875
0 0.571875 0.6359375 0.06640625 0.275
0 0.46015625 0.74609375 0.12109375 0.2765625
0 0.46484375 0.790625 0.071875 0.290625
0 0.240625 0.74921875 0.0859375 0.290625
0 0.071875 0.67578125 0.10625 0.26875
0 0.10546875 0.54140625 0.11640625 0.24140625
0 0.05078125 0.5328125 0.07890625 0.1234375
0 0.46328125 0.29765625 0.05390625 0.19140625
0 0.671875 0.1734375 0.03671875 0.1703125
0 0.64296875 0.184375 0.06796875 0.1796875
0 0.559375 0.2015625 0.04609375 0.1625
0 0.52265625 0.20234375 0.05234375 0.17734375
0 0.59140625 0.08046875 0.03984375 0.1375
0 0.6328125 0.07421875 0.0484375 0.1140625
0 0.97890625 0.378125 0.0421875 0.209375