0 0.23515625 0.62734375 0.06796875 0.215625
0 0.0515625 0.92578125 0.07578125 0.1484375
0 0.121875 0.9484375 0.08359375 0.10234375
0 0.459375 0.84296875 0.0796875 0.278125
0 0.5109375 0.8265625 0.05625 0.30234375
0 0.55703125 0.8921875 0.07890625 0.21484375
0 0.81328125 0.9421875 0.1078125 0.115625
0 0.47421875 0.61328125 0.06328125 0.209375
0 0.52265625 0.6453125 0.07265625 0.165625
0 0.515625 0.5515625 0.06015625 0.1265625
0 0.72578125 0.50234375 0.04765625 0.1875
0 0.71796875 0.35546875 0.04453125 0.13515625
0 0.7546875 0.340625 0.04140625 0.115625
0 0.78828125 0.321875 0.03359375 0.0796875
0 0.60625 0.33125 0.02734375 0.15390625
0 0.62421875 0.34453125 0.028125 0.14140625
0 0.0265625 0.43515625 0.053125 0.1421875
0 0.00703125 0.22890625 0.01328125 0.12265625
0 0.021875 0.22734375 0.02578125 0.1125
0 0.075 0.078125 0.015625 0.07265625
0 0.08125 0.134375 0.02109375 0.08125
0 0.1 0.16328125 0.0296875 0.0625
0 0.14609375 0.21875 0.03984375 0.0796875
0 0.140625 0.3015625 0.03359375 0.1265625
0 0.56484375 0.290625 0.02265625 0.12890625
0 0.58125 0.29453125 0.0375 0.12578125
0 0.665625 0.1796875 0.01171875 0.05390625
0 0.65234375 0.17890625 0.0171875 0.06328125
0 0.56484375 0.146875 0.02578125 0.0265625
0 0.525 0.1515625 0.02734375 0.06640625