0 0.35859375 0.2984375 0.05625 0.13203125
0 0.20078125 0.571875 0.065625 0.15703125
0 0.1734375 0.54140625 0.046875 0.14921875
0 0.35546875 0.52109375 0.04453125 0.1265625
0 0.359375 0.44921875 0.03671875 0.06796875
0 0.13984375 0.34375 0.0515625 0.13984375
0 0.1765625 0.31796875 0.03671875 0.12890625
0 0.04453125 0.27421875 0.053125 0.13671875
0 0.01484375 0.21796875 0.028125 0.1046875
0 0.0953125 0.2578125 0.0484375 0.1140625
0 0.07734375 0.18203125 0.02734375 0.04609375
0 0.10390625 0.2171875 0.03671875 0.09296875
0 0.03203125 0.121875 0.03359375 0.084375
0 0.025 0.06171875 0.02265625 0.04609375
0 0.153125 0.18203125 0.0390625 0.10234375
0 0.1625 0.175 0.03515625 0.0921875
0 0.16015625 0.1234375 0.02734375 0.09296875
0 0.18125 0.125 0.0234375 0.0828125
0 0.19921875 0.12421875 0.02265625 0.08046875
0 0.2453125 0.17734375 0.03671875 0.0921875
0 0.21796875 0.1921875 0.04453125 0.103125
0 0.2046875 0.17578125 0.02265625 0.0859375
0 0.39609375 0.22109375 0.015625 0.0515625
0 0.41640625 0.2109375 0.03046875 0.0734375
0 0.42734375 0.1640625 0.0140625 0.06640625
0 0.4359375 0.11875 0.01796875 0.05390625
0 0.4078125 0.05078125 0.01328125 0.03359375
0 0.4609375 0.06015625 0.0140625 0.03671875
0 0.5765625 0.10234375 0.01015625 0.02109375
0 0.5859375 0.11796875 0.01796875 0.0359375
0 0.45546875 0.26171875 0.0296875 0.09609375
0 0.478125 0.28125 0.03828125 0.09375
0 0.4453125 0.55078125 0.06484375 0.15703125
0 0.46640625 0.4609375 0.03984375 0.0859375
0 0.628125 0.73046875 0.071875 0.18671875
0 0.3984375 0.81015625 0.07265625 0.18671875
0 0.2125 0.80546875 0.06796875 0.20078125
0 0.0984375 0.853125 0.06796875 0.18671875
0 0.8296875 0.640625 0.071875 0.1609375
0 0.78671875 0.534375 0.05 0.13828125