0 0.64140625 0.7015625 0.05625 0.13203125
0 0.79921875 0.428125 0.065625 0.15703125
0 0.8265625 0.45859375 0.046875 0.14921875
0 0.64453125 0.47890625 0.04453125 0.1265625
0 0.640625 0.55078125 0.03671875 0.06796875
0 0.86015625 0.65625 0.0515625 0.13984375
0 0.8234375 0.68203125 0.03671875 0.12890625
0 0.95546875 0.72578125 0.053125 0.13671875
0 0.98515625 0.78203125 0.028125 0.1046875
0 0.9046875 0.7421875 0.0484375 0.1140625
0 0.92265625 0.81796875 0.02734375 0.04609375
0 0.89609375 0.7828125 0.03671875 0.09296875
0 0.96796875 0.878125 0.03359375 0.084375
0 0.975 0.93828125 0.02265625 0.04609375
0 0.846875 0.81796875 0.0390625 0.10234375
0 0.8375 0.825 0.03515625 0.0921875
0 0.83984375 0.8765625 0.02734375 0.09296875
0 0.81875 0.875 0.0234375 0.0828125
0 0.80078125 0.87578125 0.02265625 0.08046875
0 0.7546875 0.82265625 0.03671875 0.0921875
0 0.78203125 0.8078125 0.04453125 0.103125
0 0.7953125 0.82421875 0.02265625 0.0859375
0 0.60390625 0.77890625 0.015625 0.0515625
0 0.58359375 0.7890625 0.03046875 0.0734375
0 0.57265625 0.8359375 0.0140625 0.06640625
0 0.5640625 0.88125 0.01796875 0.05390625
0 0.5921875 0.94921875 0.01328125 0.03359375
0 0.5390625 0.93984375 0.0140625 0.03671875
0 0.4234375 0.89765625 0.01015625 0.02109375
0 0.4140625 0.88203125 0.01796875 0.0359375
0 0.54453125 0.73828125 0.0296875 0.09609375
0 0.521875 0.71875 0.03828125 0.09375
0 0.5546875 0.44921875 0.06484375 0.15703125
0 0.53359375 0.5390625 0.03984375 0.0859375
0 0.371875 0.26953125 0.071875 0.18671875
0 0.6015625 0.18984375 0.07265625 0.18671875
0 0.7875 0.19453125 0.06796875 0.20078125
0 0.9015625 0.146875 0.06796875 0.18671875
0 0.1703125 0.359375 0.071875 0.1609375
0 0.21328125 0.465625 0.05 0.13828125