0 0.08984375 0.80859375 0.0859375 0.25078125
0 0.07734375 0.77109375 0.0734375 0.2359375
0 0.0828125 0.5109375 0.078125 0.2015625
0 0.271875 0.54296875 0.06015625 0.190625
0 0.33359375 0.59296875 0.053125 0.19921875
0 0.33203125 0.546875 0.0625 0.2
0 0.41640625 0.51953125 0.05390625 0.190625
0 0.47421875 0.72265625 0.07421875 0.2578125
0 0.70390625 0.9046875 0.06640625 0.18984375
0 0.77265625 0.75078125 0.06875 0.23203125
0 0.5671875 0.36875 0.03984375 0.14296875
0 0.53515625 0.37421875 0.0421875 0.109375
0 0.48671875 0.29609375 0.040625 0.14921875
0 0.51796875 0.29375 0.0296875 0.15
0 0.29765625 0.3390625 0.04296875 0.1328125
0 0.3390625 0.34296875 0.05390625 0.15546875
0 0.38125 0.36796875 0.03125 0.1015625
0 0.38515625 0.2734375 0.0328125 0.13671875
0 0.31328125 0.278125 0.02890625 0.1375
0 0.2859375 0.24375 0.02734375 0.07578125
0 0.32265625 0.19765625 0.034375 0.1046875
0 0.3453125 0.215625 0.0234375 0.06484375
0 0.40078125 0.2125 0.04375 0.11328125
0 0.38515625 0.175 0.015625 0.06875
0 0.3953125 0.14375 0.034375 0.06171875
0 0.02578125 0.109375 0.0359375 0.10078125
0 0.0125 0.1390625 0.02421875 0.1140625