0 0.1828125 0.82734375 0.02890625 0.14140625
0 0.209375 0.81953125 0.04609375 0.14609375
0 0.41328125 0.8390625 0.0390625 0.14296875
0 0.44375 0.8515625 0.03125 0.0828125
0 0.53203125 0.56875 0.05546875 0.15859375
0 0.57890625 0.58984375 0.065625 0.21328125
0 0.615625 0.63984375 0.046875 0.2140625
0 0.696875 0.57578125 0.05546875 0.24140625
0 0.41171875 0.25390625 0.090625 0.2953125
0 0.52421875 0.1484375 0.109375 0.29609375
0 0.5921875 0.1875 0.07890625 0.290625
0 0.86875 0.18359375 0.071875 0.271875
0 0.83515625 0.2890625 0.05859375 0.1765625
0 0.89140625 0.3 0.0671875 0.253125
0 0.2484375 0.921875 0.05078125 0.1421875