0 0.7265625 0.54296875 0.05234375 0.12578125
0 0.70546875 0.5203125 0.0484375 0.12421875
0 0.59375 0.56015625 0.04296875 0.121875
0 0.58125 0.53828125 0.040625 0.1328125
0 0.44921875 0.58203125 0.06015625 0.15703125
0 0.43203125 0.79921875 0.04453125 0.17734375
0 0.4078125 0.82265625 0.0734375 0.1234375
0 0.2875 0.56640625 0.0578125 0.13984375
0 0.28203125 0.51328125 0.06171875 0.09609375
0 0.1765625 0.58203125 0.04375 0.15390625
0 0.128125 0.55859375 0.02890625 0.134375
0 0.80546875 0.66875 0.0515625 0.14296875
0 0.76640625 0.6890625 0.06484375 0.15859375
0 0.80703125 0.3578125 0.03984375 0.1078125
0 0.75078125 0.28671875 0.03359375 0.0828125
0 0.76796875 0.275 0.03046875 0.08203125
0 0.746875 0.27734375 0.0296875 0.08046875
0 0.6734375 0.31171875 0.0234375 0.08828125
0 0.6609375 0.2703125 0.025 0.07421875
0 0.634375 0.25234375 0.02734375 0.0734375
0 0.61484375 0.43359375 0.03828125 0.11875
0 0.6140625 0.3546875 0.0328125 0.08046875
0 0.60546875 0.31015625 0.03515625 0.06171875
0 0.60625 0.25 0.021875 0.0734375
0 0.596875 0.265625 0.01953125 0.07578125
0 0.5890625 0.23515625 0.01953125 0.040625
0 0.58515625 0.3015625 0.034375 0.0875
0 0.5609375 0.328125 0.02421875 0.065625
0 0.54765625 0.303125 0.02421875 0.0859375
0 0.52890625 0.29921875 0.01796875 0.05234375
0 0.52890625 0.35390625 0.03671875 0.06875
0 0.51953125 0.321875 0.02421875 0.034375
0 0.49453125 0.3484375 0.02890625 0.09296875
0 0.85625 0.27734375 0.02890625 0.08359375
0 0.9390625 0.26796875 0.03671875 0.04921875
0 0.9765625 0.26484375 0.03359375 0.07421875
0 0.98984375 0.24296875 0.0203125 0.0765625
0 0.971875 0.2453125 0.0296875 0.07578125
0 0.95703125 0.171875 0.02265625 0.03359375
0 0.90546875 0.14765625 0.01796875 0.04296875
0 0.95234375 0.12109375 0.0203125 0.0328125
0 0.8859375 0.09453125 0.0125 0.03203125
0 0.77578125 0.22109375 0.0234375 0.0484375
0 0.465625 0.3703125 0.028125 0.1109375
0 0.446875 0.3625 0.028125 0.10546875
0 0.4203125 0.3890625 0.05078125 0.11875