0 0.89765625 0.15390625 0.09140625 0.15859375
0 0.7515625 0.16328125 0.08125 0.12578125
0 0.47421875 0.2140625 0.1015625 0.08828125
0 0.8046875 0.4859375 0.06171875 0.1703125
0 0.83359375 0.52421875 0.040625 0.1546875
0 0.6671875 0.54375 0.046875 0.14453125
0 0.646875 0.5734375 0.0359375 0.16875
0 0.6296875 0.70078125 0.04296875 0.140625
0 0.58828125 0.5546875 0.04375 0.15
0 0.5828125 0.6328125 0.0390625 0.08125
0 0.97421875 0.825 0.03828125 0.13125
0 0.94140625 0.8984375 0.02734375 0.10078125
0 0.915625 0.884375 0.03203125 0.1015625
0 0.878125 0.7734375 0.034375 0.1296875
0 0.8453125 0.78203125 0.0328125 0.1296875
0 0.8625 0.9109375 0.02734375 0.10546875
0 0.8453125 0.9078125 0.028125 0.103125
0 0.81484375 0.94765625 0.01953125 0.08984375
0 0.8046875 0.8765625 0.03671875 0.1125
0 0.7765625 0.8890625 0.02578125 0.0921875
0 0.7890625 0.8953125 0.01796875 0.09375
0 0.79453125 0.9625 0.01953125 0.06953125