0 0.08984375 0.19140625 0.0859375 0.25078125
0 0.07734375 0.22890625 0.0734375 0.2359375
0 0.0828125 0.4890625 0.078125 0.2015625
0 0.271875 0.45703125 0.06015625 0.190625
0 0.33359375 0.40703125 0.053125 0.19921875
0 0.33203125 0.453125 0.0625 0.2
0 0.41640625 0.48046875 0.05390625 0.190625
0 0.47421875 0.27734375 0.07421875 0.2578125
0 0.70390625 0.0953125 0.06640625 0.18984375
0 0.77265625 0.24921875 0.06875 0.23203125
0 0.5671875 0.63125 0.03984375 0.14296875
0 0.53515625 0.62578125 0.0421875 0.109375
0 0.48671875 0.70390625 0.040625 0.14921875
0 0.51796875 0.70625 0.0296875 0.15
0 0.29765625 0.6609375 0.04296875 0.1328125
0 0.3390625 0.65703125 0.05390625 0.15546875
0 0.38125 0.63203125 0.03125 0.1015625
0 0.38515625 0.7265625 0.0328125 0.13671875
0 0.31328125 0.721875 0.02890625 0.1375
0 0.2859375 0.75625 0.02734375 0.07578125
0 0.32265625 0.80234375 0.034375 0.1046875
0 0.3453125 0.784375 0.0234375 0.06484375
0 0.40078125 0.7875 0.04375 0.11328125
0 0.38515625 0.825 0.015625 0.06875
0 0.3953125 0.85625 0.034375 0.06171875
0 0.02578125 0.890625 0.0359375 0.10078125
0 0.0125 0.8609375 0.02421875 0.1140625