0 0.59609375 0.83515625 0.0953125 0.1453125
0 0.56796875 0.8046875 0.0375 0.1859375
0 0.715625 0.5671875 0.04765625 0.16171875
0 0.71328125 0.5078125 0.05546875 0.0875
0 0.81953125 0.58125 0.04921875 0.178125
0 0.5484375 0.5859375 0.0625 0.16484375
0 0.40625 0.5625 0.05234375 0.12265625
0 0.42734375 0.534375 0.05 0.12109375
0 0.1921875 0.67265625 0.05859375 0.1578125
0 0.23359375 0.690625 0.065625 0.18203125
0 0.27578125 0.55234375 0.06328125 0.1390625
0 0.29765625 0.51796875 0.05703125 0.125
0 0.3859375 0.434375 0.0421875 0.12109375
0 0.3859375 0.35703125 0.03359375 0.08125
0 0.328125 0.31015625 0.028125 0.08671875
0 0.3390625 0.271875 0.0265625 0.0734375
0 0.365625 0.25234375 0.0265625 0.0703125
0 0.3890625 0.246875 0.0140625 0.06796875
0 0.40078125 0.25078125 0.015625 0.04765625
0 0.41171875 0.23984375 0.025 0.0515625
0 0.5375 0.36953125 0.02421875 0.11015625
0 0.55078125 0.3640625 0.02734375 0.10390625
0 0.58046875 0.390625 0.04453125 0.12578125
0 0.4390625 0.32890625 0.01875 0.06328125
0 0.41640625 0.30390625 0.03359375 0.09609375
0 0.45234375 0.30234375 0.02578125 0.08046875
0 0.46796875 0.29921875 0.01875 0.05546875
0 0.46953125 0.3546875 0.03671875 0.06640625
0 0.47890625 0.3203125 0.01796875 0.028125
0 0.5046875 0.353125 0.02890625 0.096875
0 0.19296875 0.3578125 0.03828125 0.10234375
0 0.24765625 0.28671875 0.028125 0.08046875
0 0.2328125 0.28125 0.025 0.0859375
0 0.25234375 0.27578125 0.0265625 0.0796875
0 0.140625 0.2765625 0.03046875 0.08125
0 0.0609375 0.2671875 0.03359375 0.05234375
0 0.0234375 0.2625 0.03671875 0.07421875
0 0.009375 0.2453125 0.01875 0.07578125
0 0.025 0.2421875 0.0296875 0.06640625
0 0.0421875 0.17578125 0.02265625 0.03203125
0 0.0984375 0.14921875 0.02421875 0.0421875
0 0.04765625 0.11796875 0.01640625 0.0296875
0 0.1140625 0.09375 0.009375 0.0296875
0 0.22578125 0.221875 0.02265625 0.05234375