0 0.40390625 0.83515625 0.0953125 0.1453125
0 0.43203125 0.8046875 0.0375 0.1859375
0 0.284375 0.5671875 0.04765625 0.16171875
0 0.28671875 0.5078125 0.05546875 0.0875
0 0.18046875 0.58125 0.04921875 0.178125
0 0.4515625 0.5859375 0.0625 0.16484375
0 0.59375 0.5625 0.05234375 0.12265625
0 0.57265625 0.534375 0.05 0.12109375
0 0.8078125 0.67265625 0.05859375 0.1578125
0 0.76640625 0.690625 0.065625 0.18203125
0 0.72421875 0.55234375 0.06328125 0.1390625
0 0.70234375 0.51796875 0.05703125 0.125
0 0.6140625 0.434375 0.0421875 0.12109375
0 0.6140625 0.35703125 0.03359375 0.08125
0 0.671875 0.31015625 0.028125 0.08671875
0 0.6609375 0.271875 0.0265625 0.0734375
0 0.634375 0.25234375 0.0265625 0.0703125
0 0.6109375 0.246875 0.0140625 0.06796875
0 0.59921875 0.25078125 0.015625 0.04765625
0 0.58828125 0.23984375 0.025 0.0515625
0 0.4625 0.36953125 0.02421875 0.11015625
0 0.44921875 0.3640625 0.02734375 0.10390625
0 0.41953125 0.390625 0.04453125 0.12578125
0 0.5609375 0.32890625 0.01875 0.06328125
0 0.58359375 0.30390625 0.03359375 0.09609375
0 0.54765625 0.30234375 0.02578125 0.08046875
0 0.53203125 0.29921875 0.01875 0.05546875
0 0.53046875 0.3546875 0.03671875 0.06640625
0 0.52109375 0.3203125 0.01796875 0.028125
0 0.4953125 0.353125 0.02890625 0.096875
0 0.80703125 0.3578125 0.03828125 0.10234375
0 0.75234375 0.28671875 0.028125 0.08046875
0 0.7671875 0.28125 0.025 0.0859375
0 0.74765625 0.27578125 0.0265625 0.0796875
0 0.859375 0.2765625 0.03046875 0.08125
0 0.9390625 0.2671875 0.03359375 0.05234375
0 0.9765625 0.2625 0.03671875 0.07421875
0 0.990625 0.2453125 0.01875 0.07578125
0 0.975 0.2421875 0.0296875 0.06640625
0 0.9578125 0.17578125 0.02265625 0.03203125
0 0.9015625 0.14921875 0.02421875 0.0421875
0 0.95234375 0.11796875 0.01640625 0.0296875
0 0.8859375 0.09375 0.009375 0.0296875
0 0.77421875 0.221875 0.02265625 0.05234375