0 0.8859375 0.48125 0.07421875 0.2453125
0 0.8234375 0.4828125 0.07734375 0.26328125
0 0.7828125 0.49921875 0.06875 0.18359375
0 0.75625 0.7125 0.08828125 0.290625
0 0.71484375 0.68125 0.11484375 0.28671875
0 0.62265625 0.2671875 0.05078125 0.19453125
0 0.78203125 0.12890625 0.07421875 0.159375
0 0.80625 0.12734375 0.04609375 0.16171875
0 0.6796875 0.14140625 0.04375 0.14609375
0 0.64765625 0.1359375 0.05078125 0.16875
0 0.54375 0.07890625 0.02265625 0.0765625
0 0.77421875 0.06171875 0.0546875 0.1203125
0 0.56796875 0.728125 0.084375 0.30625
0 0.35390625 0.69765625 0.115625 0.27734375
0 0.2453125 0.73515625 0.10703125 0.26484375
0 0.2609375 0.48828125 0.0796875 0.2078125
0 0.20703125 0.55703125 0.0625 0.2390625
0 0.040625 0.6046875 0.08125 0.29375