0 0.95 0.21171875 0.03671875 0.1140625
0 0.934375 0.1125 0.040625 0.05859375
0 0.88671875 0.18125 0.03828125 0.1140625
0 0.88671875 0.3078125 0.05546875 0.14140625
0 0.8546875 0.296875 0.0453125 0.15234375
0 0.68203125 0.37890625 0.03828125 0.15625
0 0.65625 0.46796875 0.05078125 0.14765625
0 0.6328125 0.365625 0.03515625 0.14765625
0 0.59765625 0.47421875 0.04921875 0.1859375
0 0.55390625 0.5078125 0.0359375 0.11796875
0 0.5890625 0.31796875 0.0390625 0.13984375
0 0.578125 0.225 0.02421875 0.10546875
0 0.5640625 0.23515625 0.0140625 0.07109375
0 0.5453125 0.19375 0.02734375 0.125
0 0.5203125 0.209375 0.0296875 0.1125
0 0.45859375 0.3265625 0.0375 0.14453125
0 0.33515625 0.44765625 0.0625 0.0921875
0 0.2953125 0.4328125 0.03828125 0.146875
0 0.31875 0.3671875 0.04609375 0.11640625
0 0.2953125 0.32421875 0.0390625 0.07265625
0 0.82578125 0.81484375 0.0875 0.24453125
0 0.84921875 0.778125 0.06640625 0.2328125
0 0.61640625 0.7359375 0.103125 0.225
0 0.47265625 0.73671875 0.06015625 0.2234375
0 0.43125 0.72109375 0.05078125 0.22421875
0 0.4125 0.66328125 0.0625 0.221875
0 0.3359375 0.73984375 0.07734375 0.2296875
0 0.09296875 0.84375 0.0703125 0.22734375
0 0.025 0.75 0.0484375 0.259375