0 0.5515625 0.6625 0.07578125 0.346875
0 0.63515625 0.86875 0.065625 0.259375
0 0.6296875 0.4 0.05859375 0.2484375
0 0.678125 0.47734375 0.05390625 0.25390625
0 0.73984375 0.51484375 0.0625 0.2
0 0.21875 0.775 0.06796875 0.22890625
0 0.26015625 0.94765625 0.0765625 0.1046875
0 0.53125 0.44140625 0.04140625 0.2765625
0 0.30078125 0.33515625 0.04765625 0.24453125
0 0.3125 0.2140625 0.02734375 0.053125
0 0.178125 0.0796875 0.046875 0.159375
0 0.02890625 0.4859375 0.046875 0.12421875
0 0.0546875 0.59140625 0.0515625 0.12578125
0 0.07109375 0.80703125 0.07109375 0.19140625
0 0.51640625 0.22109375 0.03671875 0.1171875