0 0.3421875 0.6796875 0.0375 0.12265625
0 0.3734375 0.66875 0.0359375 0.15546875
0 0.4140625 0.61328125 0.0234375 0.11484375
0 0.4078125 0.5125 0.03125 0.0796875
0 0.42421875 0.7359375 0.0234375 0.16953125
0 0.46328125 0.75859375 0.03046875 0.16875
0 0.45078125 0.66796875 0.015625 0.034375
0 0.4984375 0.72734375 0.03671875 0.11171875
0 0.5078125 0.58125 0.03203125 0.13828125
0 0.4703125 0.94140625 0.0375 0.11640625
0 0.5203125 0.88359375 0.0359375 0.178125
0 0.56796875 0.84140625 0.0390625 0.17265625
0 0.60078125 0.96171875 0.05390625 0.07578125
0 0.6671875 0.96640625 0.0453125 0.06640625
0 0.66484375 0.86796875 0.04140625 0.146875
0 0.640625 0.690625 0.03125 0.16328125
0 0.6734375 0.6875 0.03828125 0.16171875
0 0.70859375 0.79375 0.0375 0.1609375
0 0.73984375 0.81953125 0.04140625 0.184375
0 0.16328125 0.21875 0.0234375 0.0890625
0 0.17890625 0.2046875 0.0234375 0.09453125
0 0.20625 0.21171875 0.021875 0.103125
0 0.24140625 0.2015625 0.0234375 0.10546875
0 0.19765625 0.13984375 0.01484375 0.046875
0 0.209375 0.1359375 0.0140625 0.03515625
0 0.51796875 0.1421875 0.02265625 0.08984375
0 0.70625 0.11796875 0.015625 0.08671875
0 0.7203125 0.14140625 0.01875 0.09140625
0 0.7375 0.1328125 0.01328125 0.08984375
0 0.84609375 0.4265625 0.0296875 0.12109375
0 0.840625 0.3453125 0.025 0.04609375
0 0.71484375 0.5921875 0.02734375 0.15
0 0.746875 0.46796875 0.02890625 0.13828125
0 0.7515625 0.6328125 0.03515625 0.14921875
0 0.646875 0.56484375 0.01796875 0.059375
0 0.69140625 0.4953125 0.028125 0.14296875
0 0.54609375 0.3578125 0.021875 0.12578125
0 0.58125 0.66484375 0.02109375 0.1484375
0 0.578125 0.5625 0.028125 0.07265625
0 0.60546875 0.66015625 0.02109375 0.14765625
0 0.5703125 0.4734375 0.02734375 0.08984375
0 0.59453125 0.4859375 0.0203125 0.1140625
0 0.63046875 0.5796875 0.01484375 0.06640625
0 0.6265625 0.52265625 0.028125 0.0484375
0 0.29921875 0.159375 0.01640625 0.08125
0 0.5078125 0.31328125 0.01484375 0.103125
0 0.52734375 0.31484375 0.01875 0.11484375
0 0.57109375 0.32734375 0.0140625 0.1078125
0 0.590625 0.38984375 0.015625 0.08828125
0 0.5875 0.30078125 0.01171875 0.0359375
0 0.59921875 0.32578125 0.01875 0.04453125
0 0.61875 0.46328125 0.01875 0.096875
0 0.64765625 0.41484375 0.015625 0.1296875
0 0.6140625 0.3765625 0.01484375 0.0625
0 0.65546875 0.353125 0.01640625 0.04296875
0 0.62109375 0.3359375 0.0140625 0.028125
0 0.5 0.26328125 0.01171875 0.02578125
0 0.51640625 0.26328125 0.00859375 0.02109375