0 0.22578125 0.64453125 0.07421875 0.140625
0 0.19921875 0.79296875 0.0609375 0.14453125
0 0.28984375 0.74453125 0.05078125 0.17421875
0 0.3734375 0.90078125 0.06171875 0.1765625
0 0.43046875 0.94609375 0.04921875 0.10703125
0 0.4375 0.86015625 0.059375 0.09453125
0 0.49296875 0.846875 0.05625 0.20703125
0 0.56328125 0.896875 0.05078125 0.15859375
0 0.56171875 0.9734375 0.03203125 0.053125
0 0.6109375 0.95546875 0.06171875 0.0890625
0 0.64453125 0.8828125 0.0453125 0.234375
0 0.690625 0.896875 0.04375 0.20546875
0 0.6890625 0.753125 0.0421875 0.10234375
0 0.6984375 0.67109375 0.0359375 0.1
0 0.75625 0.55703125 0.06484375 0.196875
0 0.64453125 0.7046875 0.04296875 0.17265625
0 0.68359375 0.59140625 0.03359375 0.084375
0 0.7140625 0.5609375 0.0421875 0.14453125
0 0.6015625 0.684375 0.053125 0.15
0 0.60546875 0.828125 0.03671875 0.1375
0 0.53671875 0.60703125 0.04296875 0.1828125
0 0.53828125 0.48125 0.04453125 0.078125
0 0.39765625 0.61171875 0.03671875 0.14765625
0 0.440625 0.59296875 0.02734375 0.1296875
0 0.48828125 0.54375 0.046875 0.2203125
0 0.4703125 0.67109375 0.05546875 0.146875
0 0.37109375 0.7625 0.05 0.11640625
0 0.28671875 0.59140625 0.0328125 0.13203125
0 0.31328125 0.62578125 0.0359375 0.0890625
0 0.3234375 0.5359375 0.04296875 0.09453125
0 0.31328125 0.4640625 0.0328125 0.0796875
0 0.375 0.62421875 0.0484375 0.09296875
0 0.36328125 0.55546875 0.03671875 0.08203125
0 0.45234375 0.28125 0.0328125 0.153125
0 0.38984375 0.51171875 0.0234375 0.06953125
0 0.4328125 0.48125 0.02890625 0.08203125
0 0.41953125 0.425 0.01953125 0.07578125
0 0.4421875 0.38828125 0.02734375 0.090625
0 0.47109375 0.38125 0.02265625 0.06328125
0 0.321875 0.34765625 0.040625 0.2171875
0 0.3546875 0.43046875 0.02578125 0.07265625
0 0.3765625 0.47421875 0.02734375 0.07734375
0 0.38125 0.3265625 0.03203125 0.1515625
0 0.41640625 0.36015625 0.0296875 0.065625
0 0.23984375 0.2578125 0.03125 0.12578125
0 0.27578125 0.32265625 0.04453125 0.20390625
0 0.26640625 0.19453125 0.0296875 0.078125
0 0.33125 0.2140625 0.02421875 0.065625
0 0.346875 0.16171875 0.0390625 0.11796875
0 0.359375 0.23359375 0.02421875 0.0546875
0 0.39140625 0.1921875 0.0328125 0.19765625
0 0.41171875 0.1703125 0.02890625 0.178125
0 0.68125 0.1546875 0.03515625 0.2203125
0 0.48046875 0.19140625 0.02734375 0.1875
0 0.496875 0.15 0.0265625 0.178125
0 0.515625 0.1453125 0.025 0.18359375
0 0.53671875 0.13046875 0.02265625 0.13984375
0 0.55 0.253125 0.0453125 0.1390625
0 0.58671875 0.25 0.02890625 0.0859375
0 0.603125 0.39765625 0.03671875 0.20546875
0 0.61640625 0.28203125 0.03203125 0.1140625
0 0.565625 0.1609375 0.02734375 0.08515625
0 0.58359375 0.12734375 0.03046875 0.10078125