0 0.71875 0.18671875 0.0265625 0.096875
0 0.53203125 0.296875 0.03046875 0.109375
0 0.5625 0.50625 0.0375 0.10234375
0 0.478125 0.4 0.03515625 0.11171875
0 0.4484375 0.2453125 0.03984375 0.12421875
0 0.3765625 0.04296875 0.025 0.08515625
0 0.33828125 0.16796875 0.02890625 0.121875
0 0.396875 0.36796875 0.05 0.11484375
0 0.36875 0.4875 0.03984375 0.10234375
0 0.3203125 0.4671875 0.03828125 0.1203125
0 0.16015625 0.35 0.0359375 0.1
0 0.03046875 0.290625 0.0359375 0.1078125
0 0.06796875 0.60234375 0.021875 0.10078125
0 0.2765625 0.85 0.02734375 0.09609375
0 0.41953125 0.88203125 0.02265625 0.078125
0 0.35625 0.27578125 0.0375 0.07734375