0 0.32734375 0.60390625 0.0234375 0.11796875
0 0.37734375 0.54296875 0.02265625 0.1046875
0 0.46484375 0.4515625 0.03046875 0.0953125
0 0.53046875 0.4390625 0.02421875 0.10078125
0 0.4796875 0.6765625 0.02109375 0.09375
0 0.54921875 0.7375 0.03359375 0.09375
0 0.60625 0.6390625 0.034375 0.07890625
0 0.63515625 0.53046875 0.01796875 0.1015625
0 0.65546875 0.46953125 0.025 0.078125
0 0.675 0.22421875 0.03203125 0.075
0 0.67890625 0.12421875 0.01015625 0.0703125
0 0.6125 0.0796875 0.01640625 0.09765625
0 0.55234375 0.0234375 0.01796875 0.046875
0 0.721875 0.39609375 0.0265625 0.096875
0 0.75859375 0.2359375 0.0203125 0.0625
0 0.78828125 0.34453125 0.02109375 0.0671875
0 0.846875 0.4640625 0.01875 0.10625
0 0.75859375 0.04609375 0.0203125 0.05234375