0 0.41796875 0.9640625 0.0234375 0.07109375
0 0.4015625 0.5703125 0.01640625 0.05234375
0 0.4125 0.7015625 0.01796875 0.06875
0 0.490625 0.5578125 0.01328125 0.06328125
0 0.45078125 0.71796875 0.01953125 0.0875
0 0.46640625 0.7015625 0.0140625 0.07890625
0 0.5125 0.77421875 0.01796875 0.06640625
0 0.56328125 0.6984375 0.01484375 0.0671875
0 0.5703125 0.63125 0.01484375 0.0671875
0 0.40546875 0.446875 0.0140625 0.05078125
0 0.38046875 0.3265625 0.0109375 0.046875
0 0.409375 0.3875 0.01171875 0.0375
0 0.4078125 0.36015625 0.01328125 0.0390625