0 0.32421875 0.83984375 0.01328125 0.07578125
0 0.18984375 0.65703125 0.0203125 0.09453125
0 0.228125 0.6859375 0.01875 0.08984375
0 0.11328125 0.53359375 0.02109375 0.10234375
0 0.34375 0.71640625 0.01875 0.08125
0 0.38359375 0.62734375 0.021875 0.0765625
0 0.44765625 0.58359375 0.0234375 0.09375
0 0.39375 0.45546875 0.03125 0.0984375
0 0.46171875 0.40390625 0.040625 0.0984375
0 0.5796875 0.44921875 0.03125 0.10234375
0 0.59921875 0.56484375 0.0359375 0.08359375
0 0.83203125 0.440625 0.02109375 0.1203125
0 0.5484375 0.12734375 0.0359375 0.11640625
0 0.67265625 0.78515625 0.02109375 0.08125
0 0.78203125 0.725 0.0171875 0.07109375