0 0.44453125 0.8 0.025 0.05703125
0 0.51953125 0.79921875 0.01953125 0.06953125
0 0.425 0.96796875 0.03671875 0.0640625
0 0.26484375 0.95390625 0.034375 0.0453125
0 0.3125 0.92578125 0.02890625 0.04140625
0 0.34765625 0.84609375 0.02578125 0.0671875
0 0.371875 0.8796875 0.034375 0.05546875
0 0.2515625 0.71171875 0.028125 0.06171875
0 0.28203125 0.6953125 0.034375 0.046875
0 0.32734375 0.684375 0.02890625 0.0390625
0 0.353125 0.66640625 0.02890625 0.0453125
0 0.31953125 0.6453125 0.0203125 0.03515625
0 0.33203125 0.590625 0.0265625 0.0453125
0 0.3640625 0.54765625 0.03125 0.04296875
0 0.3796875 0.59609375 0.0171875 0.05703125
0 0.4 0.58203125 0.02265625 0.04765625
0 0.42109375 0.5171875 0.02109375 0.04296875
0 0.421875 0.47734375 0.01796875 0.05
0 0.3703125 0.4390625 0.02109375 0.07109375
0 0.39375 0.4296875 0.02265625 0.0625
0 0.36640625 0.390625 0.01796875 0.0484375
0 0.44609375 0.41953125 0.01484375 0.05078125
0 0.50703125 0.5546875 0.021875 0.0578125
0 0.51171875 0.51328125 0.0265625 0.0625
0 0.2203125 0.82578125 0.03359375 0.0390625
0 0.48515625 0.471875 0.0140625 0.04921875