0 0.38359375 0.46328125 0.0328125 0.0640625
0 0.4109375 0.51875 0.0375 0.06015625
0 0.43828125 0.59140625 0.02109375 0.0625
0 0.675 0.26171875 0.03203125 0.1109375
0 0.62890625 0.025 0.03359375 0.05
0 0.7515625 0.4828125 0.03203125 0.11796875
0 0.77890625 0.584375 0.034375 0.1
0 0.83828125 0.53515625 0.03046875 0.0875
0 0.81953125 0.4125 0.0375 0.0984375
0 0.840625 0.28203125 0.04140625 0.0890625
0 0.90625 0.3828125 0.04453125 0.0828125
0 0.84453125 0.15859375 0.03828125 0.0828125
0 0.91484375 0.59140625 0.03828125 0.09453125