0 0.34140625 0.57578125 0.04296875 0.071875
0 0.340625 0.47421875 0.0359375 0.07734375
0 0.35390625 0.67890625 0.0421875 0.06484375
0 0.37734375 0.76953125 0.03515625 0.0984375
0 0.41484375 0.8359375 0.02734375 0.11015625
0 0.453125 0.8890625 0.028125 0.0921875
0 0.5125 0.8859375 0.025 0.0953125
0 0.3515625 0.3734375 0.03125 0.0796875
0 0.3703125 0.2796875 0.03671875 0.0859375
0 0.41015625 0.1984375 0.03203125 0.08515625
0 0.45703125 0.14609375 0.03203125 0.09296875
0 0.5 0.14765625 0.025 0.08203125
0 0.5359375 0.17265625 0.03046875 0.0890625
0 0.575 0.24296875 0.02890625 0.08203125
0 0.6125 0.3015625 0.03125 0.0828125
0 0.63125 0.39296875 0.04296875 0.0625
0 0.6484375 0.49140625 0.0375 0.07421875
0 0.5609375 0.86015625 0.028125 0.09453125
0 0.6 0.79921875 0.028125 0.0796875
0 0.6234375 0.7171875 0.03671875 0.1
0 0.64609375 0.615625 0.0375 0.06875