0 0.24296875 0.55078125 0.01796875 0.04296875
0 0.225 0.53671875 0.01875 0.03359375
0 0.209375 0.54140625 0.0234375 0.04140625
0 0.25234375 0.62734375 0.0234375 0.04375
0 0.22109375 0.7 0.0171875 0.053125
0 0.41796875 0.53359375 0.01171875 0.028125
0 0.4 0.5484375 0.0203125 0.034375
0 0.40546875 0.5171875 0.0140625 0.025
0 0.36796875 0.4390625 0.01328125 0.0375
0 0.35546875 0.41015625 0.02265625 0.02265625
0 0.3640625 0.35390625 0.01953125 0.04140625
0 0.36484375 0.38984375 0.01640625 0.0328125
0 0.34765625 0.35703125 0.0171875 0.03984375
0 0.484375 0.49375 0.01484375 0.0265625
0 0.603125 0.4421875 0.0171875 0.03359375
0 0.60546875 0.384375 0.01875 0.0359375
0 0.578125 0.48984375 0.0125 0.025
0 0.540625 0.675 0.01328125 0.0375
0 0.64375 0.66796875 0.01796875 0.03515625
0 0.7703125 0.65546875 0.01953125 0.0375
0 0.78125 0.603125 0.015625 0.03671875
0 0.76484375 0.6015625 0.01171875 0.0265625
0 0.9765625 0.56796875 0.03359375 0.02890625
0 0.8859375 0.47734375 0.03046875 0.0484375
0 0.9859375 0.278125 0.01796875 0.03359375
0 0.9671875 0.2796875 0.0265625 0.0359375
0 0.89765625 0.26640625 0.01953125 0.034375
0 0.72421875 0.27421875 0.025 0.03828125
0 0.75 0.11796875 0.02265625 0.028125
0 0.2671875 0.1953125 0.0171875 0.03359375
0 0.8734375 0.06328125 0.0296875 0.0484375