0 0.809375 0.57421875 0.01171875 0.04921875
0 0.7859375 0.5359375 0.015625 0.04296875
0 0.75390625 0.4390625 0.02109375 0.06015625
0 0.740625 0.515625 0.0171875 0.0609375
0 0.68515625 0.33515625 0.01875 0.0640625
0 0.63046875 0.378125 0.01796875 0.04921875
0 0.56171875 0.15 0.015625 0.05625
0 0.53125 0.3484375 0.01640625 0.05234375
0 0.51484375 0.30625 0.01875 0.05390625
0 0.49921875 0.07734375 0.015625 0.07109375
0 0.48125 0.1515625 0.01796875 0.07109375
0 0.46953125 0.071875 0.01328125 0.04453125
0 0.3625 0.215625 0.02109375 0.05390625