0 0.5546875 0.2 0.02578125 0.05234375
0 0.5609375 0.25546875 0.01484375 0.0484375
0 0.540625 0.26640625 0.01875 0.04921875
0 0.4828125 0.203125 0.02109375 0.0515625
0 0.4875 0.47265625 0.02109375 0.06796875
0 0.675 0.321875 0.02421875 0.040625
0 0.64921875 0.33046875 0.0234375 0.046875
0 0.6171875 0.41640625 0.02578125 0.059375
0 0.59765625 0.41875 0.0203125 0.05546875
0 0.75078125 0.2890625 0.02578125 0.05625
0 0.78828125 0.17265625 0.03515625 0.046875
0 0.67890625 0.034375 0.03828125 0.046875
0 0.65078125 0.13671875 0.025 0.04921875
0 0.628125 0.12109375 0.0390625 0.0390625
0 0.6828125 0.35078125 0.02734375 0.04296875
0 0.66796875 0.41484375 0.01953125 0.04453125
0 0.63359375 0.5703125 0.0234375 0.07109375
0 0.63671875 0.621875 0.015625 0.0375
0 0.6234375 0.60859375 0.015625 0.03203125
0 0.6125 0.57734375 0.01875 0.0578125
0 0.58125 0.48203125 0.01640625 0.0390625
0 0.5796875 0.51953125 0.015625 0.0390625
0 0.55546875 0.584375 0.015625 0.0578125
0 0.515625 0.5265625 0.01796875 0.053125
0 0.503125 0.54765625 0.0140625 0.04296875
0 0.7234375 0.303125 0.028125 0.040625
0 0.6421875 0.46015625 0.0234375 0.0421875
0 0.73828125 0.04140625 0.03359375 0.0359375