0 0.38671875 0.08515625 0.0734375 0.1703125
0 0.34140625 0.13671875 0.07109375 0.165625
0 0.0703125 0.4625 0.1140625 0.25234375
0 0.0484375 0.2734375 0.09609375 0.19296875
0 0.06796875 0.7375 0.12265625 0.30078125
0 0.25234375 0.74609375 0.084375 0.2359375
0 0.28359375 0.7984375 0.0703125 0.22578125
0 0.3265625 0.753125 0.05 0.278125
0 0.37109375 0.69453125 0.07265625 0.2703125
0 0.41796875 0.76328125 0.071875 0.265625
0 0.62578125 0.0859375 0.09921875 0.1546875
0 0.703125 0.03515625 0.06875 0.06953125
0 0.85078125 0.46015625 0.09765625 0.25703125
0 0.90546875 0.66015625 0.0890625 0.14765625
0 0.765625 0.90234375 0.0796875 0.18671875
0 0.746875 0.92734375 0.05078125 0.1359375