0 0.45703125 0.5984375 0.04609375 0.10390625
0 0.5203125 0.74765625 0.0578125 0.125
0 0.19140625 0.9546875 0.0640625 0.090625
0 0.3015625 0.9578125 0.05859375 0.08359375
0 0.35546875 0.89609375 0.03828125 0.06171875
0 0.5390625 0.94921875 0.040625 0.1015625
0 0.55859375 0.91953125 0.0296875 0.03828125
0 0.6046875 0.86875 0.04375 0.103125
0 0.64140625 0.8875 0.025 0.10859375
0 0.67890625 0.90390625 0.04765625 0.1125
0 0.72890625 0.909375 0.04609375 0.10859375
0 0.76953125 0.89375 0.0390625 0.10859375
0 0.66640625 0.83203125 0.04296875 0.05078125
0 0.70859375 0.83984375 0.05078125 0.10546875
0 0.7515625 0.8375 0.03125 0.0625
0 0.50859375 0.43203125 0.03203125 0.071875
0 0.5515625 0.4140625 0.0265625 0.07421875
0 0.53359375 0.4 0.0265625 0.08046875
0 0.56484375 0.4796875 0.0296875 0.08359375
0 0.59140625 0.51484375 0.0328125 0.08203125
0 0.62734375 0.50078125 0.04140625 0.06015625
0 0.36015625 0.43359375 0.04140625 0.040625
0 0.40390625 0.4203125 0.03203125 0.03984375
0 0.2578125 0.71875 0.0328125 0.09921875
0 0.2515625 0.76015625 0.04296875 0.08125
0 0.23125 0.7953125 0.05546875 0.121875
0 0.91328125 0.546875 0.04375 0.0953125
0 0.60078125 0.08046875 0.046875 0.1
0 0.240625 0.1203125 0.0484375 0.11796875
0 0.31171875 0.10703125 0.03359375 0.12265625
0 0.34765625 0.11640625 0.03125 0.1140625