0 0.90859375 0.278125 0.06640625 0.09453125
0 0.95 0.1546875 0.0953125 0.0828125
0 0.896875 0.5703125 0.09765625 0.1359375
0 0.91015625 0.71640625 0.08046875 0.1453125
0 0.97421875 0.6375 0.04921875 0.1125
0 0.95703125 0.6796875 0.05390625 0.08828125
0 0.928125 0.7890625 0.0890625 0.12265625
0 0.8390625 0.7484375 0.0671875 0.12109375
0 0.803125 0.87578125 0.05078125 0.0546875
0 0.771875 0.8046875 0.0546875 0.096875
0 0.74375 0.70703125 0.046875 0.11640625
0 0.690625 0.73515625 0.05390625 0.14375
0 0.7078125 0.60390625 0.04921875 0.1609375
0 0.7890625 0.5234375 0.05625 0.10859375
0 0.58984375 0.5359375 0.0453125 0.1265625
0 0.65234375 0.25390625 0.040625 0.08203125
0 0.61484375 0.18515625 0.05 0.08359375
0 0.52578125 0.671875 0.034375 0.1390625
0 0.52578125 0.78125 0.0375 0.0859375
0 0.415625 0.4453125 0.03828125 0.096875
0 0.4359375 0.3328125 0.04375 0.09921875
0 0.30390625 0.428125 0.040625 0.11484375
0 0.41796875 0.096875 0.0453125 0.10703125
0 0.371875 0.09375 0.0546875 0.096875
0 0.353125 0.68984375 0.05703125 0.13359375
0 0.1890625 0.08671875 0.0578125 0.1109375
0 0.07265625 0.84140625 0.0546875 0.13203125
0 0.03828125 0.046875 0.0765625 0.09375
0 0.09140625 0.459375 0.05859375 0.1171875
0 0.12421875 0.5359375 0.05 0.0953125
0 0.07265625 0.559375 0.04609375 0.07578125
0 0.1890625 0.65078125 0.03828125 0.12890625
0 0.13203125 0.6125 0.05703125 0.1125
0 0.1484375 0.69921875 0.040625 0.09296875
0 0.02734375 0.546875 0.0546875 0.14453125
0 0.1421875 0.95078125 0.04375 0.0984375
0 0.2125 0.95625 0.034375 0.0875