0 0.66015625 0.25859375 0.0875 0.24453125
0 0.62109375 0.41875 0.0859375 0.209375
0 0.8203125 0.58203125 0.115625 0.22421875
0 0.928125 0.77109375 0.1125 0.2859375
0 0.965625 0.703125 0.06875 0.20703125
0 0.8265625 0.87421875 0.0765625 0.25078125
0 0.7390625 0.74296875 0.08125 0.2390625
0 0.7203125 0.79453125 0.059375 0.22734375
0 0.678125 0.9015625 0.0671875 0.19140625
0 0.59296875 0.915625 0.06796875 0.16796875
0 0.36171875 0.0765625 0.109375 0.15234375
0 0.25 0.77734375 0.0890625 0.221875
0 0.203125 0.55703125 0.04453125 0.0953125
0 0.259375 0.43828125 0.121875 0.2171875
0 0.265625 0.2078125 0.10625 0.2140625
0 0.18359375 0.2984375 0.06796875 0.16875
0 0.16328125 0.759375 0.0765625 0.23046875
0 0.1140625 0.6984375 0.0890625 0.22578125
0 0.0921875 0.39609375 0.11484375 0.21484375
0 0.09375 0.50859375 0.1265625 0.096875