0 0.5015625 0.88203125 0.05234375 0.11640625
0 0.446875 0.79765625 0.04375 0.140625
0 0.51484375 0.6796875 0.04375 0.1328125
0 0.6140625 0.6671875 0.05390625 0.153125
0 0.659375 0.65234375 0.03828125 0.14375
0 0.37421875 0.696875 0.0484375 0.134375
0 0.309375 0.6953125 0.0453125 0.16015625
0 0.34296875 0.59375 0.04921875 0.10078125
0 0.02421875 0.8875 0.0484375 0.140625
0 0.0796875 0.86015625 0.06875 0.13046875
0 0.8875 0.7359375 0.0515625 0.16015625
0 0.9609375 0.88671875 0.075 0.15
0 0.88515625 0.62265625 0.05078125 0.1
0 0.95703125 0.4875 0.06953125 0.12109375
0 0.63203125 0.4953125 0.04375 0.12421875
0 0.15234375 0.4515625 0.0390625 0.10546875
0 0.02109375 0.56640625 0.0421875 0.11015625
0 0.0734375 0.55234375 0.065625 0.12265625
0 0.03984375 0.34375 0.04609375 0.11484375
0 0.08125 0.36171875 0.04765625 0.1265625
0 0.01015625 0.32421875 0.01875 0.075
0 0.28359375 0.29609375 0.04375 0.10859375
0 0.38671875 0.2671875 0.02734375 0.12421875
0 0.40859375 0.34375 0.03828125 0.13125
0 0.4609375 0.38125 0.040625 0.128125
0 0.50546875 0.39296875 0.03203125 0.11953125
0 0.5015625 0.3171875 0.03515625 0.053125
0 0.52890625 0.30859375 0.01953125 0.109375
0 0.51875 0.275 0.02109375 0.08828125
0 0.58125 0.3015625 0.0375 0.13671875
0 0.64921875 0.3140625 0.034375 0.125
0 0.7140625 0.48984375 0.03828125 0.1328125
0 0.759375 0.5125 0.02265625 0.11328125
0 0.78125 0.50390625 0.02890625 0.12421875
0 0.81015625 0.49453125 0.034375 0.1171875
0 0.9046875 0.3671875 0.05234375 0.1421875
0 0.92109375 0.42890625 0.0328125 0.09765625
0 0.93828125 0.4375 0.02890625 0.10625
0 0.7984375 0.35078125 0.03359375 0.11328125
0 0.83203125 0.359375 0.0359375 0.11328125
0 0.85546875 0.2734375 0.0390625 0.1046875
0 0.746875 0.4125 0.0390625 0.12109375
0 0.76640625 0.40546875 0.02890625 0.11171875
0 0.60078125 0.11484375 0.02890625 0.13046875
0 0.62890625 0.11953125 0.021875 0.13203125
0 0.6765625 0.334375 0.0265625 0.11640625
0 0.7015625 0.33359375 0.03203125 0.13125
0 0.8 0.0828125 0.025 0.1
0 0.44609375 0.14921875 0.02578125 0.12109375
0 0.51015625 0.11015625 0.03359375 0.11015625
0 0.353125 0.11953125 0.025 0.128125
0 0.36953125 0.14765625 0.0359375 0.10703125
0 0.28515625 0.140625 0.05 0.12890625
0 0.028125 0.1734375 0.05 0.1125
0 0.0703125 0.13125 0.03671875 0.10703125
0 0.10703125 0.13828125 0.03984375 0.1078125
0 0.1375 0.15078125 0.05625 0.128125
0 0.16875 0.10078125 0.0390625 0.103125
0 0.41015625 0.07109375 0.03984375 0.12421875
0 0.77265625 0.04921875 0.028125 0.0984375
0 0.5265625 0.05546875 0.03359375 0.109375
0 0.909375 0.071875 0.04765625 0.121875
0 0.940625 0.31015625 0.02890625 0.12890625