0 0.25234375 0.1625 0.16875 0.3203125
0 0.11328125 0.2484375 0.1484375 0.28984375
0 0.4984375 0.2625 0.21171875 0.25859375
0 0.7625 0.11796875 0.0953125 0.23125
0 0.85859375 0.06953125 0.08359375 0.1390625
0 0.9453125 0.20078125 0.1015625 0.31171875
0 0.953125 0.0421875 0.084375 0.0828125
0 0.83125 0.3703125 0.14609375 0.18046875
0 0.81953125 0.240625 0.10078125 0.13046875
0 0.94765625 0.478125 0.1046875 0.296875
0 0.9546875 0.48671875 0.08828125 0.31171875
0 0.8484375 0.61328125 0.12421875 0.3078125
0 0.10546875 0.76796875 0.1390625 0.25859375
0 0.23359375 0.79921875 0.12890625 0.2125
0 0.346875 0.74296875 0.13125 0.328125
0 0.4671875 0.72109375 0.1484375 0.34609375
0 0.5359375 0.8296875 0.14140625 0.159375
0 0.61796875 0.8 0.12890625 0.2140625
0 0.61953125 0.6375 0.10625 0.22578125
0 0.734375 0.69140625 0.12890625 0.1859375
0 0.74765625 0.8375 0.1 0.13671875
0 0.86953125 0.8359375 0.125 0.15546875
0 0.95859375 0.77421875 0.0828125 0.2640625