0 0.265625 0.67109375 0.0265625 0.10546875
0 0.53125 0.765625 0.0296875 0.09921875
0 0.4578125 0.4625 0.02578125 0.1234375
0 0.453125 0.37421875 0.0203125 0.04453125
0 0.5921875 0.40859375 0.021875 0.10234375
0 0.6140625 0.39921875 0.021875 0.1125
0 0.66640625 0.45703125 0.02265625 0.1125
0 0.69140625 0.4640625 0.01953125 0.084375
0 0.7359375 0.2671875 0.0328125 0.10703125
0 0.66796875 0.20390625 0.02265625 0.09609375
0 0.67578125 0.08828125 0.02421875 0.10546875
0 0.75625 0.1921875 0.02109375 0.08671875
0 0.84140625 0.303125 0.02421875 0.090625
0 0.8578125 0.2453125 0.01328125 0.06875
0 0.96484375 0.2984375 0.025 0.09609375
0 0.790625 0.10625 0.0140625 0.07734375
0 0.809375 0.06875 0.0140625 0.10390625
0 0.59609375 0.1015625 0.021875 0.09609375