0 0.20625 0.27734375 0.10546875 0.2484375
0 0.0421875 0.3609375 0.08359375 0.246875
0 0.13359375 0.72734375 0.0890625 0.184375
0 0.19296875 0.67734375 0.10078125 0.21484375
0 0.16015625 0.5390625 0.084375 0.11328125
0 0.46015625 0.24140625 0.05546875 0.27578125
0 0.496875 0.18359375 0.046875 0.246875
0 0.3796875 0.5171875 0.08046875 0.2078125
0 0.45 0.68828125 0.09140625 0.25234375
0 0.50625 0.846875 0.0734375 0.18046875
0 0.53984375 0.89765625 0.08828125 0.20390625
0 0.64140625 0.93828125 0.10078125 0.1234375
0 0.8578125 0.59140625 0.1390625 0.20546875
0 0.87421875 0.7203125 0.1390625 0.2171875
0 0.71875 0.0765625 0.075 0.15234375
0 0.91796875 0.11015625 0.1046875 0.21484375