0 0.36484375 0.640625 0.0203125 0.08984375
0 0.45078125 0.70859375 0.03203125 0.07890625
0 0.57109375 0.63359375 0.03984375 0.07734375
0 0.5859375 0.7171875 0.02578125 0.08125
0 0.6265625 0.75078125 0.03515625 0.0796875
0 0.54375 0.446875 0.02421875 0.0734375
0 0.58046875 0.425 0.03515625 0.08046875
0 0.603125 0.403125 0.0203125 0.07890625
0 0.6 0.2453125 0.01953125 0.06875
0 0.60390625 0.0546875 0.0171875 0.0578125
0 0.6484375 0.24140625 0.02578125 0.065625
0 0.6859375 0.37890625 0.028125 0.08046875
0 0.77578125 0.66171875 0.03984375 0.07734375
0 0.81171875 0.7265625 0.04140625 0.07265625
0 0.85703125 0.7671875 0.034375 0.06171875
0 0.81171875 0.109375 0.01796875 0.0515625
0 0.75 0.0546875 0.01171875 0.0390625
0 0.759375 0.06953125 0.0140625 0.04609375