0 0.3640625 0.67421875 0.07109375 0.21875
0 0.3390625 0.51171875 0.1015625 0.1125
0 0.31015625 0.69765625 0.06640625 0.1375
0 0.5234375 0.46953125 0.0578125 0.21953125
0 0.5046875 0.75546875 0.0796875 0.18984375
0 0.478125 0.8921875 0.1125 0.21484375
0 0.63671875 0.9390625 0.12109375 0.121875
0 0.515625 0.25546875 0.06171875 0.2390625
0 0.54140625 0.17578125 0.0421875 0.203125
0 0.9578125 0.69296875 0.084375 0.2140625
0 0.95625 0.87734375 0.08671875 0.1453125
0 0.17109375 0.44765625 0.11015625 0.26328125
0 0.13359375 0.596875 0.12421875 0.2265625
0 0.10859375 0.78359375 0.1140625 0.24921875
0 0.06171875 0.91171875 0.1203125 0.1765625
0 0.065625 0.43828125 0.09140625 0.11796875
0 0.103125 0.36953125 0.0609375 0.21875
0 0.059375 0.22734375 0.06796875 0.23046875
0 0.1484375 0.13046875 0.07734375 0.23984375