0 0.884375 0.58125 0.02734375 0.09921875
0 0.8453125 0.68203125 0.0171875 0.0890625
0 0.81328125 0.70078125 0.0171875 0.08515625
0 0.73828125 0.371875 0.028125 0.1046875
0 0.67890625 0.515625 0.02109375 0.09609375
0 0.71640625 0.59140625 0.021875 0.0875
0 0.7234375 0.6828125 0.0171875 0.06953125
0 0.728125 0.74765625 0.015625 0.05703125
0 0.68125 0.86015625 0.015625 0.07421875
0 0.57109375 0.334375 0.021875 0.09296875
0 0.51640625 0.48671875 0.021875 0.11484375
0 0.49765625 0.6734375 0.01953125 0.07890625
0 0.15234375 0.48984375 0.0265625 0.11171875
0 0.3234375 0.78984375 0.01328125 0.0859375
0 0.2265625 0.73359375 0.01875 0.08125