0 0.4625 0.5703125 0.046875 0.0734375
0 0.4109375 0.871875 0.04296875 0.08203125
0 0.396875 0.9546875 0.04921875 0.090625
0 0.27109375 0.9453125 0.08984375 0.109375
0 0.21640625 0.80703125 0.07578125 0.090625
0 0.134375 0.91953125 0.11484375 0.096875
0 0.07265625 0.69921875 0.1125 0.065625
0 0.05 0.63515625 0.09921875 0.0734375
0 0.0625 0.26796875 0.1125 0.103125
0 0.053125 0.228125 0.10546875 0.09921875
0 0.14296875 0.346875 0.0859375 0.09140625
0 0.16484375 0.1421875 0.06875 0.11796875
0 0.22421875 0.1484375 0.07421875 0.11328125
0 0.246875 0.25859375 0.06640625 0.07265625
0 0.26640625 0.325 0.07109375 0.07734375
0 0.3296875 0.21328125 0.0578125 0.1265625
0 0.25390625 0.4921875 0.0703125 0.07265625
0 0.3234375 0.46796875 0.0375 0.0609375
0 0.3140625 0.53671875 0.05546875 0.0640625
0 0.36015625 0.5109375 0.05546875 0.06796875
0 0.33125 0.659375 0.0484375 0.05859375
0 0.375 0.71953125 0.04921875 0.07890625
0 0.33125 0.76875 0.05234375 0.07890625
0 0.5625 0.2046875 0.02890625 0.10234375
0 0.58515625 0.23671875 0.03203125 0.11015625
0 0.6484375 0.2453125 0.03828125 0.12578125
0 0.69453125 0.190625 0.05546875 0.1203125
0 0.70078125 0.31953125 0.053125 0.08359375
0 0.7265625 0.4046875 0.04921875 0.0859375
0 0.65390625 0.3734375 0.04765625 0.078125
0 0.640625 0.44921875 0.03515625 0.09296875
0 0.67578125 0.43046875 0.04296875 0.075
0 0.684375 0.53125 0.04453125 0.084375
0 0.72265625 0.81171875 0.0703125 0.109375
0 0.87109375 0.91875 0.09453125 0.12421875
0 0.85703125 0.4390625 0.0875 0.11640625
0 0.86171875 0.12578125 0.08125 0.1078125
0 0.9046875 0.171875 0.0953125 0.1171875
0 0.95390625 0.453125 0.0921875 0.10390625
0 0.56875 0.05390625 0.03828125 0.1078125
0 0.146875 0.05 0.10625 0.09921875