0 0.4484375 0.6625 0.07578125 0.346875
0 0.36484375 0.86875 0.065625 0.259375
0 0.3703125 0.4 0.05859375 0.2484375
0 0.321875 0.47734375 0.05390625 0.25390625
0 0.26015625 0.51484375 0.0625 0.2
0 0.78125 0.775 0.06796875 0.22890625
0 0.73984375 0.94765625 0.0765625 0.1046875
0 0.46875 0.44140625 0.04140625 0.2765625
0 0.69921875 0.33515625 0.04765625 0.24453125
0 0.6875 0.2140625 0.02734375 0.053125
0 0.821875 0.0796875 0.046875 0.159375
0 0.97109375 0.4859375 0.046875 0.12421875
0 0.9453125 0.59140625 0.0515625 0.12578125
0 0.92890625 0.80703125 0.07109375 0.19140625
0 0.48359375 0.22109375 0.03671875 0.1171875