0 0.21015625 0.61875 0.028125 0.096875
0 0.178125 0.54609375 0.0265625 0.090625
0 0.42421875 0.5125 0.01875 0.08359375
0 0.5125 0.47265625 0.0125 0.065625
0 0.5078125 0.4296875 0.01484375 0.0484375
0 0.56015625 0.53359375 0.01796875 0.0890625
0 0.50703125 0.3875 0.01015625 0.0515625
0 0.515625 0.38984375 0.01015625 0.046875
0 0.53359375 0.38359375 0.0125 0.05234375
0 0.546875 0.39609375 0.0125 0.05546875
0 0.5609375 0.4 0.0109375 0.0484375
0 0.6546875 0.5125 0.0171875 0.07109375
0 0.71015625 0.51484375 0.0171875 0.0703125
0 0.46796875 0.3375 0.01015625 0.0484375
0 0.478125 0.34765625 0.01171875 0.05