0 0.253125 0.87578125 0.03359375 0.075
0 0.3296875 0.665625 0.03046875 0.075
0 0.303125 0.52890625 0.03046875 0.08828125
0 0.4015625 0.19921875 0.01796875 0.06328125
0 0.52109375 0.16171875 0.021875 0.06171875
0 0.4375 0.52890625 0.0234375 0.0765625
0 0.46796875 0.528125 0.01875 0.04765625
0 0.54453125 0.65703125 0.05390625 0.1234375
0 0.5640625 0.5890625 0.02421875 0.09609375
0 0.6140625 0.59921875 0.025 0.078125
0 0.56640625 0.42578125 0.025 0.0609375
0 0.5640625 0.38046875 0.0140625 0.04765625
0 0.68125 0.4453125 0.021875 0.08203125
0 0.7296875 0.29375 0.01796875 0.07109375
0 0.77265625 0.415625 0.01796875 0.0671875