0 0.265625 0.32890625 0.0265625 0.10546875
0 0.53125 0.234375 0.0296875 0.09921875
0 0.4578125 0.5375 0.02578125 0.1234375
0 0.453125 0.62578125 0.0203125 0.04453125
0 0.5921875 0.59140625 0.021875 0.10234375
0 0.6140625 0.60078125 0.021875 0.1125
0 0.66640625 0.54296875 0.02265625 0.1125
0 0.69140625 0.5359375 0.01953125 0.084375
0 0.7359375 0.7328125 0.0328125 0.10703125
0 0.66796875 0.79609375 0.02265625 0.09609375
0 0.67578125 0.91171875 0.02421875 0.10546875
0 0.75625 0.8078125 0.02109375 0.08671875
0 0.84140625 0.696875 0.02421875 0.090625
0 0.8578125 0.7546875 0.01328125 0.06875
0 0.96484375 0.7015625 0.025 0.09609375
0 0.790625 0.89375 0.0140625 0.07734375
0 0.809375 0.93125 0.0140625 0.10390625
0 0.59609375 0.8984375 0.021875 0.09609375