0 0.33984375 0.74140625 0.0875 0.24453125
0 0.37890625 0.58125 0.0859375 0.209375
0 0.1796875 0.41796875 0.115625 0.22421875
0 0.071875 0.22890625 0.1125 0.2859375
0 0.034375 0.296875 0.06875 0.20703125
0 0.1734375 0.12578125 0.0765625 0.25078125
0 0.2609375 0.25703125 0.08125 0.2390625
0 0.2796875 0.20546875 0.059375 0.22734375
0 0.321875 0.0984375 0.0671875 0.19140625
0 0.40703125 0.084375 0.06796875 0.16796875
0 0.63828125 0.9234375 0.109375 0.15234375
0 0.75 0.22265625 0.0890625 0.221875
0 0.796875 0.44296875 0.04453125 0.0953125
0 0.740625 0.56171875 0.121875 0.2171875
0 0.734375 0.7921875 0.10625 0.2140625
0 0.81640625 0.7015625 0.06796875 0.16875
0 0.83671875 0.240625 0.0765625 0.23046875
0 0.8859375 0.3015625 0.0890625 0.22578125
0 0.9078125 0.60390625 0.11484375 0.21484375
0 0.90625 0.49140625 0.1265625 0.096875