0 0.40703125 0.92265625 0.025 0.140625
0 0.35546875 0.9265625 0.0359375 0.146875
0 0.4421875 0.9421875 0.0359375 0.115625
0 0.47578125 0.82578125 0.02109375 0.14140625
0 0.43984375 0.83671875 0.03203125 0.075
0 0.4015625 0.79296875 0.03359375 0.1078125
0 0.328125 0.78125 0.03125 0.1453125
0 0.30390625 0.68359375 0.0390625 0.06015625
0 0.2890625 0.60234375 0.03984375 0.10234375
0 0.6765625 0.6671875 0.02734375 0.10234375
0 0.546875 0.93046875 0.0328125 0.1390625
0 0.5015625 0.87734375 0.03203125 0.1984375
0 0.6390625 0.628125 0.02578125 0.10703125
0 0.64765625 0.765625 0.0296875 0.09140625
0 0.6125 0.6796875 0.03671875 0.03828125
0 0.62265625 0.8265625 0.0375 0.07734375
0 0.615625 0.9203125 0.025 0.09375
0 0.6625 0.49140625 0.02421875 0.1296875
0 0.66171875 0.4015625 0.02578125 0.05234375
0 0.4015625 0.66171875 0.02578125 0.146875
0 0.6171875 0.509375 0.0234375 0.059375
0 0.57421875 0.4578125 0.028125 0.140625
0 0.54375 0.46796875 0.034375 0.17578125
0 0.48359375 0.62734375 0.01640625 0.1609375
0 0.46015625 0.60546875 0.01875 0.0671875
0 0.425 0.55625 0.02109375 0.1296875
0 0.44140625 0.50234375 0.021875 0.0734375
0 0.49140625 0.4125 0.01796875 0.0375
0 0.4546875 0.36640625 0.01875 0.11171875
0 0.5234375 0.30390625 0.02421875 0.084375
0 0.6390625 0.31796875 0.03046875 0.046875
0 0.60859375 0.41484375 0.01953125 0.0640625
0 0.60625 0.3328125 0.02109375 0.0578125
0 0.6265625 0.44140625 0.01953125 0.05390625
0 0.45 0.75703125 0.02734375 0.0640625
0 0.46953125 0.2859375 0.02109375 0.04296875