0 0.1828125 0.50078125 0.0375 0.1640625
0 0.2140625 0.5234375 0.0375 0.1609375
0 0.228125 0.484375 0.028125 0.1109375
0 0.2515625 0.5109375 0.04296875 0.1390625
0 0.4046875 0.54140625 0.03828125 0.16640625
0 0.4984375 0.56953125 0.0421875 0.1859375
0 0.58671875 0.75859375 0.0578125 0.19296875
0 0.67265625 0.9203125 0.0546875 0.159375
0 0.77265625 0.9390625 0.05546875 0.121875
0 0.81171875 0.77578125 0.0484375 0.18984375
0 0.871875 0.11484375 0.02890625 0.1171875
0 0.89453125 0.10234375 0.0171875 0.10703125
0 0.92265625 0.08515625 0.03359375 0.11953125
0 0.95390625 0.08203125 0.02734375 0.12578125
0 0.965625 0.1359375 0.03515625 0.115625
0 0.978125 0.2078125 0.03203125 0.1359375
0 0.7265625 0.0828125 0.025 0.13671875
0 0.665625 0.128125 0.0328125 0.13046875
0 0.54921875 0.16484375 0.02265625 0.121875
0 0.52578125 0.171875 0.02421875 0.11953125
0 0.49453125 0.17109375 0.03046875 0.128125
0 0.38828125 0.22109375 0.0453125 0.1515625
0 0.44375 0.065625 0.021875 0.10625
0 0.55546875 0.08203125 0.0265625 0.11328125
0 0.584375 0.03828125 0.01953125 0.0609375
0 0.959375 0.59375 0.053125 0.1859375
0 0.01953125 0.64609375 0.0390625 0.19609375
0 0.096875 0.2578125 0.0484375 0.15625
0 0.03671875 0.17109375 0.03828125 0.12890625