0 0.38984375 0.63984375 0.04765625 0.15625
0 0.10703125 0.1984375 0.04453125 0.14453125
0 0.034375 0.16484375 0.0453125 0.1265625
0 0.36875 0.28515625 0.04453125 0.15546875
0 0.2328125 0.93984375 0.05 0.1078125
0 0.18125 0.49296875 0.03359375 0.1421875
0 0.21015625 0.50859375 0.03515625 0.1328125
0 0.22265625 0.47890625 0.02265625 0.12578125
0 0.2421875 0.5078125 0.0390625 0.115625
0 0.4859375 0.47265625 0.05625 0.17890625
0 0.53046875 0.8765625 0.06015625 0.22109375
0 0.64375 0.74140625 0.04765625 0.153125
0 0.659375 0.903125 0.059375 0.19296875
0 0.7796875 0.90703125 0.0546875 0.1859375
0 0.9203125 0.49296875 0.05859375 0.18359375
0 0.64296875 0.19296875 0.04296875 0.1453125
0 0.53203125 0.2109375 0.0234375 0.121875
0 0.38671875 0.0625 0.02734375 0.10078125
0 0.4828125 0.1296875 0.03203125 0.1359375
0 0.5125 0.11953125 0.0203125 0.1171875
0 0.553125 0.12265625 0.03046875 0.1234375
0 0.709375 0.075 0.0265625 0.125
0 0.746875 0.0640625 0.02890625 0.12734375
0 0.90390625 0.1453125 0.0484375 0.1203125
0 0.93828125 0.12890625 0.02265625 0.14375
0 0.9625 0.1140625 0.0234375 0.134375
0 0.9578125 0.27890625 0.02890625 0.1390625
0 0.621875 0.034375 0.01796875 0.06796875
0 0.6546875 0.0453125 0.0296875 0.08125
0 0.59296875 0.0359375 0.0234375 0.0671875