0 0.5375 0.4296875 0.046875 0.0734375
0 0.5890625 0.128125 0.04296875 0.08203125
0 0.603125 0.0453125 0.04921875 0.090625
0 0.72890625 0.0546875 0.08984375 0.109375
0 0.78359375 0.19296875 0.07578125 0.090625
0 0.865625 0.08046875 0.11484375 0.096875
0 0.92734375 0.30078125 0.1125 0.065625
0 0.95 0.36484375 0.09921875 0.0734375
0 0.9375 0.73203125 0.1125 0.103125
0 0.946875 0.771875 0.10546875 0.09921875
0 0.85703125 0.653125 0.0859375 0.09140625
0 0.83515625 0.8578125 0.06875 0.11796875
0 0.77578125 0.8515625 0.07421875 0.11328125
0 0.753125 0.74140625 0.06640625 0.07265625
0 0.73359375 0.675 0.07109375 0.07734375
0 0.6703125 0.78671875 0.0578125 0.1265625
0 0.74609375 0.5078125 0.0703125 0.07265625
0 0.6765625 0.53203125 0.0375 0.0609375
0 0.6859375 0.46328125 0.05546875 0.0640625
0 0.63984375 0.4890625 0.05546875 0.06796875
0 0.66875 0.340625 0.0484375 0.05859375
0 0.625 0.28046875 0.04921875 0.07890625
0 0.66875 0.23125 0.05234375 0.07890625
0 0.4375 0.7953125 0.02890625 0.10234375
0 0.41484375 0.76328125 0.03203125 0.11015625
0 0.3515625 0.7546875 0.03828125 0.12578125
0 0.30546875 0.809375 0.05546875 0.1203125
0 0.29921875 0.68046875 0.053125 0.08359375
0 0.2734375 0.5953125 0.04921875 0.0859375
0 0.34609375 0.6265625 0.04765625 0.078125
0 0.359375 0.55078125 0.03515625 0.09296875
0 0.32421875 0.56953125 0.04296875 0.075
0 0.315625 0.46875 0.04453125 0.084375
0 0.27734375 0.18828125 0.0703125 0.109375
0 0.12890625 0.08125 0.09453125 0.12421875
0 0.14296875 0.5609375 0.0875 0.11640625
0 0.13828125 0.87421875 0.08125 0.1078125
0 0.0953125 0.828125 0.0953125 0.1171875
0 0.04609375 0.546875 0.0921875 0.10390625
0 0.43125 0.94609375 0.03828125 0.1078125
0 0.853125 0.95 0.10625 0.09921875