0 0.4265625 0.4828125 0.028125 0.071875
0 0.4546875 0.42890625 0.028125 0.06484375
0 0.4703125 0.39921875 0.0234375 0.0609375
0 0.4984375 0.41171875 0.025 0.07265625
0 0.521875 0.4296875 0.034375 0.04453125
0 0.53671875 0.49453125 0.02734375 0.0484375
0 0.55390625 0.5390625 0.03046875 0.04453125
0 0.60625 0.56015625 0.02578125 0.06875
0 0.63359375 0.5453125 0.0296875 0.065625
0 0.5953125 0.471875 0.02734375 0.06796875
0 0.6328125 0.46875 0.0359375 0.06640625
0 0.5703125 0.43046875 0.021875 0.05859375
0 0.5453125 0.3703125 0.02734375 0.059375
0 0.590625 0.334375 0.03046875 0.084375
0 0.63125 0.36328125 0.034375 0.06328125
0 0.4828125 0.3390625 0.03203125 0.06640625
0 0.5140625 0.3390625 0.02734375 0.05625
0 0.45703125 0.2390625 0.034375 0.07421875
0 0.49296875 0.2578125 0.02734375 0.07421875
0 0.515625 0.253125 0.01875 0.06484375
0 0.54921875 0.28671875 0.025 0.071875