0 0.384375 0.48359375 0.03203125 0.07890625
0 0.41171875 0.540625 0.028125 0.05625
0 0.68359375 0.32578125 0.02265625 0.096875
0 0.646875 0.11171875 0.03828125 0.08984375
0 0.75234375 0.5453125 0.0296875 0.08359375
0 0.77421875 0.6421875 0.03515625 0.09140625
0 0.82265625 0.48125 0.034375 0.103125
0 0.8359375 0.6 0.03359375 0.0890625
0 0.75390625 0.04609375 0.040625 0.09140625
0 0.8546875 0.18671875 0.0453125 0.090625
0 0.84296875 0.31328125 0.04140625 0.10625
0 0.90859375 0.446875 0.03515625 0.121875
0 0.90625 0.66640625 0.03203125 0.0984375