0 0.92421875 0.32890625 0.06640625 0.13984375
0 0.9578125 0.36484375 0.0421875 0.16015625
0 0.8890625 0.52890625 0.065625 0.14765625
0 0.71640625 0.60546875 0.0453125 0.1390625
0 0.796875 0.62578125 0.046875 0.13984375
0 0.7234375 0.44453125 0.046875 0.128125
0 0.73046875 0.384375 0.0390625 0.121875
0 0.71953125 0.31328125 0.06171875 0.11640625
0 0.596875 0.51875 0.04140625 0.12421875
0 0.5890625 0.73671875 0.04921875 0.1234375
0 0.5359375 0.6328125 0.04609375 0.12421875
0 0.43984375 0.8859375 0.04140625 0.125
0 0.303125 0.9125 0.06015625 0.1203125
0 0.1484375 0.87578125 0.046875 0.11640625
0 0.17109375 0.775 0.0296875 0.11875
0 0.2671875 0.80390625 0.03046875 0.1203125
0 0.25390625 0.75625 0.03984375 0.11953125
0 0.23203125 0.71796875 0.05546875 0.12109375
0 0.36875 0.69921875 0.04296875 0.11484375
0 0.4453125 0.33828125 0.06171875 0.10703125
0 0.425 0.2734375 0.0609375 0.10390625
0 0.0234375 0.503125 0.04296875 0.1296875
0 0.13828125 0.37578125 0.0578125 0.1125
0 0.08515625 0.41171875 0.0421875 0.10859375
0 0.04453125 0.36640625 0.03203125 0.103125
0 0.2046875 0.37890625 0.05390625 0.1109375
0 0.25625 0.409375 0.0421875 0.1109375
0 0.2890625 0.46796875 0.034375 0.1125
0 0.309375 0.56796875 0.04765625 0.09921875
0 0.22109375 0.61953125 0.03203125 0.10546875
0 0.18515625 0.590625 0.028125 0.090625
0 0.159375 0.53515625 0.02109375 0.11171875
0 0.19296875 0.47578125 0.06484375 0.1171875
0 0.0921875 0.59921875 0.03125 0.115625
0 0.3671875 0.58203125 0.0390625 0.11484375
0 0.43203125 0.53671875 0.06328125 0.1171875
0 0.484375 0.67890625 0.04375 0.0984375
0 0.45546875 0.64921875 0.0453125 0.11015625