0 0.4359375 0.34921875 0.06171875 0.08046875
0 0.44921875 0.64296875 0.0578125 0.16171875
0 0.55390625 0.38515625 0.06328125 0.08203125
0 0.60078125 0.72578125 0.04453125 0.10546875
0 0.6890625 0.41640625 0.07109375 0.07890625
0 0.71875 0.36484375 0.05625 0.0625
0 0.9171875 0.6953125 0.10234375 0.12265625
0 0.88359375 0.31015625 0.1015625 0.09296875
0 0.528125 0.87734375 0.05 0.13203125
0 0.30625 0.840625 0.04921875 0.1328125
0 0.3453125 0.82734375 0.03671875 0.08984375
0 0.384375 0.8484375 0.0375 0.10703125
0 0.46875 0.8203125 0.0421875 0.096875
0 0.2515625 0.79609375 0.07421875 0.1265625
0 0.1421875 0.8171875 0.08671875 0.08125
0 0.7421875 0.8125 0.10546875 0.12265625
0 0.8765625 0.8421875 0.13359375 0.1453125
0 0.2 0.66015625 0.10234375 0.06484375
0 0.0921875 0.7015625 0.11171875 0.09375
0 0.271875 0.32578125 0.06796875 0.05859375
0 0.196875 0.3640625 0.0734375 0.06875
0 0.04453125 0.421875 0.0796875 0.06875
0 0.8265625 0.5296875 0.08046875 0.04609375
0 0.8625 0.421875 0.07109375 0.07421875
0 0.44453125 0.1390625 0.05703125 0.12578125
0 0.12109375 0.24921875 0.11015625 0.10703125
0 0.3703125 0.071875 0.06171875 0.12265625
0 0.61796875 0.15625 0.06328125 0.0890625
0 0.296875 0.15546875 0.09296875 0.05078125
0 0.171875 0.11171875 0.06796875 0.10234375
0 0.9609375 0.58515625 0.078125 0.090625
0 0.7390625 0.53984375 0.12109375 0.09140625
0 0.71328125 0.1234375 0.0515625 0.1109375
0 0.20390625 0.1890625 0.06640625 0.0984375
0 0.5015625 0.0859375 0.04921875 0.1265625
0 0.62578125 0.0765625 0.0421875 0.11953125
0 0.1046875 0.5484375 0.10234375 0.07109375