0 0.159375 0.53515625 0.01953125 0.0890625
0 0.26640625 0.46484375 0.028125 0.11875
0 0.34765625 0.7890625 0.040625 0.15625
0 0.4265625 0.4484375 0.02421875 0.12265625
0 0.47265625 0.4375 0.0265625 0.10625
0 0.5109375 0.44609375 0.021875 0.1
0 0.5765625 0.32734375 0.021875 0.1078125
0 0.5640625 0.19609375 0.015625 0.08125
0 0.59921875 0.19453125 0.01875 0.0734375
0 0.6984375 0.34921875 0.01640625 0.109375
0 0.8171875 0.70625 0.03203125 0.16171875
0 0.8421875 0.428125 0.02734375 0.1
0 0.71953125 0.1703125 0.015625 0.0625