0 0.17890625 0.946875 0.071875 0.10234375
0 0.3890625 0.91484375 0.034375 0.09140625
0 0.42265625 0.965625 0.028125 0.06875
0 0.49921875 0.834375 0.0484375 0.1265625
0 0.71171875 0.80546875 0.0484375 0.10546875
0 0.44453125 0.79296875 0.04140625 0.0734375
0 0.29140625 0.49140625 0.0453125 0.10625
0 0.1640625 0.47265625 0.04296875 0.053125
0 0.11875 0.44375 0.05390625 0.0671875
0 0.03828125 0.5578125 0.04296875 0.09921875
0 0.13984375 0.3484375 0.071875 0.08984375
0 0.1421875 0.259375 0.059375 0.0734375
0 0.11796875 0.05 0.0453125 0.06171875
0 0.3421875 0.4015625 0.05703125 0.10234375
0 0.34375 0.26484375 0.05546875 0.1203125
0 0.44140625 0.13515625 0.071875 0.1
0 0.5484375 0.2921875 0.0515625 0.09296875
0 0.5859375 0.3890625 0.0640625 0.07890625
0 0.815625 0.496875 0.05390625 0.071875
0 0.7921875 0.2953125 0.0609375 0.09296875
0 0.75703125 0.1578125 0.065625 0.090625
0 0.8046875 0.05 0.06015625 0.0671875