0 0.6671875 0.65390625 0.05703125 0.190625
0 0.79296875 0.74375 0.03203125 0.07265625
0 0.7734375 0.69375 0.02578125 0.0609375
0 0.7296875 0.62734375 0.07734375 0.16171875
0 0.52265625 0.453125 0.04375 0.16640625
0 0.42578125 0.49375 0.05078125 0.1734375
0 0.50546875 0.15234375 0.04296875 0.1203125
0 0.5484375 0.13828125 0.0484375 0.14375
0 0.6140625 0.04296875 0.034375 0.08515625
0 0.5671875 0.0421875 0.034375 0.084375
0 0.6 0.1359375 0.05 0.10625
0 0.62890625 0.21953125 0.04140625 0.08359375
0 0.58515625 0.23203125 0.0359375 0.0765625
0 0.67578125 0.25703125 0.05 0.15625
0 0.6875 0.365625 0.05546875 0.06875
0 0.62109375 0.3078125 0.04921875 0.08671875
0 0.63125 0.49375 0.03515625 0.128125
0 0.59921875 0.51796875 0.0234375 0.10703125
0 0.5703125 0.44609375 0.0328125 0.09296875
0 0.56484375 0.54375 0.04921875 0.1203125
0 0.5515625 0.64765625 0.0375 0.10703125
0 0.49453125 0.60390625 0.04453125 0.134375
0 0.425 0.646875 0.03828125 0.13515625
0 0.39375 0.60859375 0.034375 0.0875
0 0.3609375 0.5765625 0.025 0.16484375
0 0.33203125 0.5296875 0.0390625 0.15234375
0 0.30078125 0.46796875 0.04140625 0.1140625
0 0.11875 0.43359375 0.0375 0.10859375
0 0.16171875 0.44765625 0.05078125 0.140625
0 0.2703125 0.32890625 0.05078125 0.11015625
0 0.24921875 0.4 0.0375 0.07421875
0 0.2078125 0.41015625 0.046875 0.08671875
0 0.20390625 0.26015625 0.05390625 0.09453125
0 0.18984375 0.33984375 0.05 0.0734375
0 0.28203125 0.040625 0.0484375 0.08046875
0 0.275 0.1296875 0.0515625 0.096875
0 0.32578125 0.03359375 0.0421875 0.06640625
0 0.37578125 0.0671875 0.05 0.08671875
0 0.50703125 0.03046875 0.03828125 0.0609375
0 0.45 0.03046875 0.0546875 0.0609375
0 0.284375 0.7140625 0.03203125 0.15
0 0.26328125 0.771875 0.0234375 0.103125
0 0.29921875 0.82109375 0.03828125 0.06484375
0 0.2890625 0.88203125 0.0359375 0.078125
0 0.40078125 0.7359375 0.0359375 0.09765625
0 0.58515625 0.84921875 0.0265625 0.11015625
0 0.55234375 0.91484375 0.03671875 0.0859375
0 0.5453125 0.98046875 0.03671875 0.0390625
0 0.21328125 0.5953125 0.0328125 0.109375
0 0.18515625 0.6078125 0.0265625 0.1125