0 0.59296875 0.07734375 0.025 0.140625
0 0.64453125 0.0734375 0.0359375 0.146875
0 0.5578125 0.0578125 0.0359375 0.115625
0 0.52421875 0.17421875 0.02109375 0.14140625
0 0.56015625 0.16328125 0.03203125 0.075
0 0.5984375 0.20703125 0.03359375 0.1078125
0 0.671875 0.21875 0.03125 0.1453125
0 0.69609375 0.31640625 0.0390625 0.06015625
0 0.7109375 0.39765625 0.03984375 0.10234375
0 0.3234375 0.3328125 0.02734375 0.10234375
0 0.453125 0.06953125 0.0328125 0.1390625
0 0.4984375 0.12265625 0.03203125 0.1984375
0 0.3609375 0.371875 0.02578125 0.10703125
0 0.35234375 0.234375 0.0296875 0.09140625
0 0.3875 0.3203125 0.03671875 0.03828125
0 0.37734375 0.1734375 0.0375 0.07734375
0 0.384375 0.0796875 0.025 0.09375
0 0.3375 0.50859375 0.02421875 0.1296875
0 0.33828125 0.5984375 0.02578125 0.05234375
0 0.5984375 0.33828125 0.02578125 0.146875
0 0.3828125 0.490625 0.0234375 0.059375
0 0.42578125 0.5421875 0.028125 0.140625
0 0.45625 0.53203125 0.034375 0.17578125
0 0.51640625 0.37265625 0.01640625 0.1609375
0 0.53984375 0.39453125 0.01875 0.0671875
0 0.575 0.44375 0.02109375 0.1296875
0 0.55859375 0.49765625 0.021875 0.0734375
0 0.50859375 0.5875 0.01796875 0.0375
0 0.5453125 0.63359375 0.01875 0.11171875
0 0.4765625 0.69609375 0.02421875 0.084375
0 0.3609375 0.68203125 0.03046875 0.046875
0 0.39140625 0.58515625 0.01953125 0.0640625
0 0.39375 0.6671875 0.02109375 0.0578125
0 0.3734375 0.55859375 0.01953125 0.05390625
0 0.55 0.24296875 0.02734375 0.0640625
0 0.53046875 0.7140625 0.02109375 0.04296875