0 0.403125 0.71875 0.02578125 0.0875
0 0.3828125 0.63984375 0.01953125 0.0921875
0 0.36953125 0.584375 0.0109375 0.05703125
0 0.359375 0.51640625 0.02421875 0.06875
0 0.35234375 0.47421875 0.01015625 0.07421875
0 0.39453125 0.46953125 0.01640625 0.06875
0 0.40703125 0.521875 0.01953125 0.07421875
0 0.42890625 0.4609375 0.01953125 0.07578125
0 0.45 0.55859375 0.01953125 0.0734375
0 0.44765625 0.490625 0.02421875 0.0671875
0 0.45390625 0.76484375 0.0296875 0.09609375
0 0.46875 0.67421875 0.0203125 0.08125
0 0.48515625 0.59453125 0.02265625 0.084375
0 0.4921875 0.7578125 0.025 0.09453125
0 0.52109375 0.66484375 0.02734375 0.0828125
0 0.53515625 0.76796875 0.02265625 0.078125
0 0.57421875 0.7390625 0.0265625 0.09296875
0 0.12421875 0.80078125 0.03359375 0.04609375
0 0.1296875 0.74609375 0.03203125 0.0546875
0 0.78125 0.225 0.0125 0.071875
0 0.80390625 0.1578125 0.01171875 0.06484375