0 0.40625 0.490625 0.040625 0.17734375
0 0.4953125 0.6265625 0.05546875 0.178125
0 0.5609375 0.6890625 0.04296875 0.1875
0 0.82109375 0.69765625 0.0515625 0.19296875
0 0.76328125 0.87265625 0.053125 0.1625
0 0.03828125 0.7015625 0.0625 0.209375
0 0.1828125 0.49296875 0.03125 0.16953125
0 0.2140625 0.52109375 0.03515625 0.1625
0 0.225 0.459375 0.01484375 0.0484375
0 0.25078125 0.5046875 0.04296875 0.13671875
0 0.0921875 0.28203125 0.053125 0.15078125
0 0.03203125 0.17734375 0.04765625 0.1234375
0 0.39375 0.1921875 0.034375 0.14375
0 0.4984375 0.19453125 0.03671875 0.1390625
0 0.53203125 0.1953125 0.02734375 0.1234375
0 0.46640625 0.059375 0.0296875 0.1046875
0 0.4953125 0.053125 0.025 0.10625
0 0.5171875 0.096875 0.02578125 0.1046875
0 0.55078125 0.13046875 0.02578125 0.11171875
0 0.55 0.04921875 0.0265625 0.09609375
0 0.58671875 0.0359375 0.01875 0.06875
0 0.6703125 0.10390625 0.028125 0.1328125
0 0.72734375 0.08359375 0.02421875 0.13125
0 0.84375 0.09140625 0.02734375 0.11640625
0 0.87109375 0.08203125 0.01796875 0.10703125
0 0.90703125 0.05859375 0.02890625 0.1125
0 0.93828125 0.05625 0.02578125 0.10859375
0 0.9640625 0.0765625 0.02890625 0.0609375
0 0.965625 0.1765625 0.0296875 0.14375