0 0.9109375 0.82109375 0.07890625 0.19296875
0 0.72890625 0.78203125 0.0578125 0.1828125
0 0.7125 0.94375 0.07265625 0.1125
0 0.58359375 0.86015625 0.059375 0.20390625
0 0.48203125 0.84765625 0.05625 0.20703125
0 0.459375 0.67578125 0.04765625 0.1953125
0 0.35390625 0.57109375 0.0421875 0.15703125
0 0.05 0.40625 0.040625 0.1921875
0 0.3359375 0.32109375 0.0390625 0.165625
0 0.81640625 0.5046875 0.03046875 0.13828125
0 0.78515625 0.52265625 0.03359375 0.153125
0 0.7515625 0.515625 0.03828125 0.13125
0 0.7703125 0.47421875 0.02890625 0.1125
0 0.96640625 0.175 0.034375 0.1265625
0 0.88046875 0.14921875 0.0421875 0.15
0 0.61953125 0.42265625 0.0390625 0.18125
0 0.51484375 0.34296875 0.03046875 0.16171875
0 0.4515625 0.3171875 0.02578125 0.1375
0 0.42734375 0.22265625 0.034375 0.1484375
0 0.675 0.071875 0.02734375 0.115625
0 0.6296875 0.07734375 0.02578125 0.1359375
0 0.49765625 0.0703125 0.0265625 0.115625
0 0.46796875 0.0734375 0.02265625 0.109375
0 0.3515625 0.09375 0.0265625 0.1140625
0 0.26328125 0.0875 0.02421875 0.13515625
0 0.1984375 0.13984375 0.0296875 0.15078125
0 0.03515625 0.23125 0.03203125 0.13046875
0 0.00859375 0.2453125 0.01640625 0.14375