0 0.74765625 0.8375 0.16875 0.3203125
0 0.88671875 0.7515625 0.1484375 0.28984375
0 0.5015625 0.7375 0.21171875 0.25859375
0 0.2375 0.88203125 0.0953125 0.23125
0 0.14140625 0.93046875 0.08359375 0.1390625
0 0.0546875 0.79921875 0.1015625 0.31171875
0 0.046875 0.9578125 0.084375 0.0828125
0 0.16875 0.6296875 0.14609375 0.18046875
0 0.18046875 0.759375 0.10078125 0.13046875
0 0.05234375 0.521875 0.1046875 0.296875
0 0.0453125 0.51328125 0.08828125 0.31171875
0 0.1515625 0.38671875 0.12421875 0.3078125
0 0.89453125 0.23203125 0.1390625 0.25859375
0 0.76640625 0.20078125 0.12890625 0.2125
0 0.653125 0.25703125 0.13125 0.328125
0 0.5328125 0.27890625 0.1484375 0.34609375
0 0.4640625 0.1703125 0.14140625 0.159375
0 0.38203125 0.2 0.12890625 0.2140625
0 0.38046875 0.3625 0.10625 0.22578125
0 0.265625 0.30859375 0.12890625 0.1859375
0 0.25234375 0.1625 0.1 0.13671875
0 0.13046875 0.1640625 0.125 0.15546875
0 0.04140625 0.22578125 0.0828125 0.2640625