0 0.04765625 0.83984375 0.04140625 0.125
0 0.1203125 0.9078125 0.0390625 0.115625
0 0.2421875 0.928125 0.03046875 0.1109375
0 0.3578125 0.834375 0.0296875 0.1609375
0 0.37890625 0.90703125 0.03125 0.11875
0 0.42734375 0.94140625 0.0296875 0.1171875
0 0.45234375 0.94140625 0.021875 0.1171875
0 0.4765625 0.7609375 0.03046875 0.1421875
0 0.55703125 0.6859375 0.0375 0.1546875
0 0.6109375 0.84453125 0.03359375 0.11640625
0 0.7203125 0.915625 0.0234375 0.14375
0 0.809375 0.77734375 0.034375 0.14765625
0 0.9140625 0.70234375 0.0328125 0.13984375
0 0.9234375 0.82734375 0.0296875 0.10859375
0 0.9515625 0.8203125 0.0234375 0.12265625
0 0.9515625 0.4671875 0.046875 0.16953125
0 0.6578125 0.53359375 0.03828125 0.159375
0 0.6109375 0.58203125 0.03671875 0.1546875
0 0.5453125 0.553125 0.03125 0.14375
0 0.50390625 0.503125 0.0390625 0.1546875
0 0.4921875 0.36640625 0.046875 0.1640625
0 0.3796875 0.43984375 0.040625 0.178125
0 0.296875 0.225 0.053125 0.17890625
0 0.2828125 0.40078125 0.04609375 0.1578125
0 0.1828125 0.4953125 0.02734375 0.165625
0 0.2109375 0.47109375 0.0359375 0.16875
0 0.221875 0.54765625 0.03046875 0.06796875
0 0.24296875 0.4890625 0.03671875 0.13984375
0 0.11796875 0.11328125 0.05625 0.19296875
0 0.0171875 0.3671875 0.03359375 0.171875