0 0.0859375 0.44765625 0.06171875 0.0890625
0 0.16171875 0.45625 0.046875 0.078125
0 0.0484375 0.53359375 0.0515625 0.09453125
0 0.0421875 0.68125 0.05 0.0921875
0 0.10859375 0.67421875 0.05 0.08984375
0 0.21875 0.68203125 0.04609375 0.08515625
0 0.303125 0.64453125 0.0421875 0.06640625
0 0.15546875 0.83125 0.0390625 0.078125
0 0.17734375 0.93984375 0.05703125 0.0609375
0 0.34453125 0.87265625 0.04375 0.07734375
0 0.4234375 0.76875 0.0328125 0.06875
0 0.43046875 0.9421875 0.0375 0.078125
0 0.48671875 0.9125 0.02265625 0.05859375
0 0.51953125 0.81796875 0.0296875 0.071875
0 0.62265625 0.7296875 0.0328125 0.05859375