0 0.43671875 0.078125 0.028125 0.06015625
0 0.465625 0.07109375 0.02734375 0.06640625
0 0.509375 0.06796875 0.028125 0.06015625
0 0.315625 0.6078125 0.03125 0.09921875
0 0.3640625 0.55 0.04296875 0.08359375
0 0.4046875 0.71328125 0.03203125 0.06875
0 0.32109375 0.73515625 0.0390625 0.0921875
0 0.31171875 0.91796875 0.03828125 0.09765625
0 0.325 0.83203125 0.03671875 0.0671875
0 0.4015625 0.84921875 0.028125 0.0828125
0 0.5140625 0.478125 0.0265625 0.0859375
0 0.53359375 0.8296875 0.03828125 0.075
0 0.59765625 0.471875 0.01796875 0.08515625
0 0.64609375 0.74453125 0.0328125 0.07109375
0 0.725 0.50078125 0.0453125 0.08828125
0 0.73671875 0.65234375 0.0375 0.06640625
0 0.80546875 0.50703125 0.03671875 0.10078125
0 0.815625 0.62890625 0.05 0.08203125
0 0.7921875 0.809375 0.05 0.08671875
0 0.9296875 0.67578125 0.05390625 0.084375