0 0.4984375 0.88203125 0.05234375 0.11640625
0 0.553125 0.79765625 0.04375 0.140625
0 0.48515625 0.6796875 0.04375 0.1328125
0 0.3859375 0.6671875 0.05390625 0.153125
0 0.340625 0.65234375 0.03828125 0.14375
0 0.62578125 0.696875 0.0484375 0.134375
0 0.690625 0.6953125 0.0453125 0.16015625
0 0.65703125 0.59375 0.04921875 0.10078125
0 0.97578125 0.8875 0.0484375 0.140625
0 0.9203125 0.86015625 0.06875 0.13046875
0 0.1125 0.7359375 0.0515625 0.16015625
0 0.0390625 0.88671875 0.075 0.15
0 0.11484375 0.62265625 0.05078125 0.1
0 0.04296875 0.4875 0.06953125 0.12109375
0 0.36796875 0.4953125 0.04375 0.12421875
0 0.84765625 0.4515625 0.0390625 0.10546875
0 0.97890625 0.56640625 0.0421875 0.11015625
0 0.9265625 0.55234375 0.065625 0.12265625
0 0.96015625 0.34375 0.04609375 0.11484375
0 0.91875 0.36171875 0.04765625 0.1265625
0 0.98984375 0.32421875 0.01875 0.075
0 0.71640625 0.29609375 0.04375 0.10859375
0 0.61328125 0.2671875 0.02734375 0.12421875
0 0.59140625 0.34375 0.03828125 0.13125
0 0.5390625 0.38125 0.040625 0.128125
0 0.49453125 0.39296875 0.03203125 0.11953125
0 0.4984375 0.3171875 0.03515625 0.053125
0 0.47109375 0.30859375 0.01953125 0.109375
0 0.48125 0.275 0.02109375 0.08828125
0 0.41875 0.3015625 0.0375 0.13671875
0 0.35078125 0.3140625 0.034375 0.125
0 0.2859375 0.48984375 0.03828125 0.1328125
0 0.240625 0.5125 0.02265625 0.11328125
0 0.21875 0.50390625 0.02890625 0.12421875
0 0.18984375 0.49453125 0.034375 0.1171875
0 0.0953125 0.3671875 0.05234375 0.1421875
0 0.07890625 0.42890625 0.0328125 0.09765625
0 0.06171875 0.4375 0.02890625 0.10625
0 0.2015625 0.35078125 0.03359375 0.11328125
0 0.16796875 0.359375 0.0359375 0.11328125
0 0.14453125 0.2734375 0.0390625 0.1046875
0 0.253125 0.4125 0.0390625 0.12109375
0 0.23359375 0.40546875 0.02890625 0.11171875
0 0.39921875 0.11484375 0.02890625 0.13046875
0 0.37109375 0.11953125 0.021875 0.13203125
0 0.3234375 0.334375 0.0265625 0.11640625
0 0.2984375 0.33359375 0.03203125 0.13125
0 0.2 0.0828125 0.025 0.1
0 0.55390625 0.14921875 0.02578125 0.12109375
0 0.48984375 0.11015625 0.03359375 0.11015625
0 0.646875 0.11953125 0.025 0.128125
0 0.63046875 0.14765625 0.0359375 0.10703125
0 0.71484375 0.140625 0.05 0.12890625
0 0.971875 0.1734375 0.05 0.1125
0 0.9296875 0.13125 0.03671875 0.10703125
0 0.89296875 0.13828125 0.03984375 0.1078125
0 0.8625 0.15078125 0.05625 0.128125
0 0.83125 0.10078125 0.0390625 0.103125
0 0.58984375 0.07109375 0.03984375 0.12421875
0 0.22734375 0.04921875 0.028125 0.0984375
0 0.4734375 0.05546875 0.03359375 0.109375
0 0.090625 0.071875 0.04765625 0.121875
0 0.059375 0.31015625 0.02890625 0.12890625