0 0.4453125 0.8 0.02578125 0.05234375
0 0.4390625 0.74453125 0.01484375 0.0484375
0 0.459375 0.73359375 0.01875 0.04921875
0 0.5171875 0.796875 0.02109375 0.0515625
0 0.5125 0.52734375 0.02109375 0.06796875
0 0.325 0.678125 0.02421875 0.040625
0 0.35078125 0.66953125 0.0234375 0.046875
0 0.3828125 0.58359375 0.02578125 0.059375
0 0.40234375 0.58125 0.0203125 0.05546875
0 0.24921875 0.7109375 0.02578125 0.05625
0 0.21171875 0.82734375 0.03515625 0.046875
0 0.32109375 0.965625 0.03828125 0.046875
0 0.34921875 0.86328125 0.025 0.04921875
0 0.371875 0.87890625 0.0390625 0.0390625
0 0.3171875 0.64921875 0.02734375 0.04296875
0 0.33203125 0.58515625 0.01953125 0.04453125
0 0.36640625 0.4296875 0.0234375 0.07109375
0 0.36328125 0.378125 0.015625 0.0375
0 0.3765625 0.39140625 0.015625 0.03203125
0 0.3875 0.42265625 0.01875 0.0578125
0 0.41875 0.51796875 0.01640625 0.0390625
0 0.4203125 0.48046875 0.015625 0.0390625
0 0.44453125 0.415625 0.015625 0.0578125
0 0.484375 0.4734375 0.01796875 0.053125
0 0.496875 0.45234375 0.0140625 0.04296875
0 0.2765625 0.696875 0.028125 0.040625
0 0.3578125 0.53984375 0.0234375 0.0421875
0 0.26171875 0.95859375 0.03359375 0.0359375