0 0.384375 0.51640625 0.03203125 0.07890625
0 0.41171875 0.459375 0.028125 0.05625
0 0.68359375 0.67421875 0.02265625 0.096875
0 0.646875 0.88828125 0.03828125 0.08984375
0 0.75234375 0.4546875 0.0296875 0.08359375
0 0.77421875 0.3578125 0.03515625 0.09140625
0 0.82265625 0.51875 0.034375 0.103125
0 0.8359375 0.4 0.03359375 0.0890625
0 0.75390625 0.95390625 0.040625 0.09140625
0 0.8546875 0.81328125 0.0453125 0.090625
0 0.84296875 0.68671875 0.04140625 0.10625
0 0.90859375 0.553125 0.03515625 0.121875
0 0.90625 0.33359375 0.03203125 0.0984375