0 0.32421875 0.16015625 0.01328125 0.07578125
0 0.18984375 0.34296875 0.0203125 0.09453125
0 0.228125 0.3140625 0.01875 0.08984375
0 0.11328125 0.46640625 0.02109375 0.10234375
0 0.34375 0.28359375 0.01875 0.08125
0 0.38359375 0.37265625 0.021875 0.0765625
0 0.44765625 0.41640625 0.0234375 0.09375
0 0.39375 0.54453125 0.03125 0.0984375
0 0.46171875 0.59609375 0.040625 0.0984375
0 0.5796875 0.55078125 0.03125 0.10234375
0 0.59921875 0.43515625 0.0359375 0.08359375
0 0.83203125 0.559375 0.02109375 0.1203125
0 0.5484375 0.87265625 0.0359375 0.11640625
0 0.67265625 0.21484375 0.02109375 0.08125
0 0.78203125 0.275 0.0171875 0.07109375