0 0.296875 0.69453125 0.03125 0.11484375
0 0.375 0.65390625 0.0328125 0.1265625
0 0.5046875 0.7875 0.02890625 0.11484375
0 0.5921875 0.79609375 0.0296875 0.13359375
0 0.65546875 0.759375 0.025 0.11484375
0 0.47578125 0.49140625 0.02890625 0.1109375
0 0.5640625 0.48828125 0.03203125 0.11953125
0 0.68671875 0.6046875 0.04296875 0.11015625
0 0.69375 0.490625 0.03671875 0.1046875
0 0.74609375 0.46015625 0.0453125 0.11796875
0 0.828125 0.3890625 0.0328125 0.096875
0 0.94765625 0.58984375 0.03515625 0.11796875
0 0.81640625 0.23359375 0.0375 0.08203125
0 0.7078125 0.2421875 0.03671875 0.09453125
0 0.74453125 0.10078125 0.02578125 0.0984375
0 0.63515625 0.0765625 0.02578125 0.09140625