0 0.5546875 0.8 0.02578125 0.05234375
0 0.5609375 0.74453125 0.01484375 0.0484375
0 0.540625 0.73359375 0.01875 0.04921875
0 0.4828125 0.796875 0.02109375 0.0515625
0 0.4875 0.52734375 0.02109375 0.06796875
0 0.675 0.678125 0.02421875 0.040625
0 0.64921875 0.66953125 0.0234375 0.046875
0 0.6171875 0.58359375 0.02578125 0.059375
0 0.59765625 0.58125 0.0203125 0.05546875
0 0.75078125 0.7109375 0.02578125 0.05625
0 0.78828125 0.82734375 0.03515625 0.046875
0 0.67890625 0.965625 0.03828125 0.046875
0 0.65078125 0.86328125 0.025 0.04921875
0 0.628125 0.87890625 0.0390625 0.0390625
0 0.6828125 0.64921875 0.02734375 0.04296875
0 0.66796875 0.58515625 0.01953125 0.04453125
0 0.63359375 0.4296875 0.0234375 0.07109375
0 0.63671875 0.378125 0.015625 0.0375
0 0.6234375 0.39140625 0.015625 0.03203125
0 0.6125 0.42265625 0.01875 0.0578125
0 0.58125 0.51796875 0.01640625 0.0390625
0 0.5796875 0.48046875 0.015625 0.0390625
0 0.55546875 0.415625 0.015625 0.0578125
0 0.515625 0.4734375 0.01796875 0.053125
0 0.503125 0.45234375 0.0140625 0.04296875
0 0.7234375 0.696875 0.028125 0.040625
0 0.6421875 0.53984375 0.0234375 0.0421875
0 0.73828125 0.95859375 0.03359375 0.0359375