0 0.3328125 0.34609375 0.05703125 0.190625
0 0.20703125 0.25625 0.03203125 0.07265625
0 0.2265625 0.30625 0.02578125 0.0609375
0 0.2703125 0.37265625 0.07734375 0.16171875
0 0.47734375 0.546875 0.04375 0.16640625
0 0.57421875 0.50625 0.05078125 0.1734375
0 0.49453125 0.84765625 0.04296875 0.1203125
0 0.4515625 0.86171875 0.0484375 0.14375
0 0.3859375 0.95703125 0.034375 0.08515625
0 0.4328125 0.9578125 0.034375 0.084375
0 0.4 0.8640625 0.05 0.10625
0 0.37109375 0.78046875 0.04140625 0.08359375
0 0.41484375 0.76796875 0.0359375 0.0765625
0 0.32421875 0.74296875 0.05 0.15625
0 0.3125 0.634375 0.05546875 0.06875
0 0.37890625 0.6921875 0.04921875 0.08671875
0 0.36875 0.50625 0.03515625 0.128125
0 0.40078125 0.48203125 0.0234375 0.10703125
0 0.4296875 0.55390625 0.0328125 0.09296875
0 0.43515625 0.45625 0.04921875 0.1203125
0 0.4484375 0.35234375 0.0375 0.10703125
0 0.50546875 0.39609375 0.04453125 0.134375
0 0.575 0.353125 0.03828125 0.13515625
0 0.60625 0.39140625 0.034375 0.0875
0 0.6390625 0.4234375 0.025 0.16484375
0 0.66796875 0.4703125 0.0390625 0.15234375
0 0.69921875 0.53203125 0.04140625 0.1140625
0 0.88125 0.56640625 0.0375 0.10859375
0 0.83828125 0.55234375 0.05078125 0.140625
0 0.7296875 0.67109375 0.05078125 0.11015625
0 0.75078125 0.6 0.0375 0.07421875
0 0.7921875 0.58984375 0.046875 0.08671875
0 0.79609375 0.73984375 0.05390625 0.09453125
0 0.81015625 0.66015625 0.05 0.0734375
0 0.71796875 0.959375 0.0484375 0.08046875
0 0.725 0.8703125 0.0515625 0.096875
0 0.67421875 0.96640625 0.0421875 0.06640625
0 0.62421875 0.9328125 0.05 0.08671875
0 0.49296875 0.96953125 0.03828125 0.0609375
0 0.55 0.96953125 0.0546875 0.0609375
0 0.715625 0.2859375 0.03203125 0.15
0 0.73671875 0.228125 0.0234375 0.103125
0 0.70078125 0.17890625 0.03828125 0.06484375
0 0.7109375 0.11796875 0.0359375 0.078125
0 0.59921875 0.2640625 0.0359375 0.09765625
0 0.41484375 0.15078125 0.0265625 0.11015625
0 0.44765625 0.08515625 0.03671875 0.0859375
0 0.4546875 0.01953125 0.03671875 0.0390625
0 0.78671875 0.4046875 0.0328125 0.109375
0 0.81484375 0.3921875 0.0265625 0.1125