0 0.7265625 0.56796875 0.084375 0.2515625
0 0.60625 0.65546875 0.05859375 0.28359375
0 0.546875 0.60546875 0.0625 0.25625
0 0.49765625 0.87734375 0.0671875 0.22421875
0 0.459375 0.82734375 0.08984375 0.28046875
0 0.2875 0.36796875 0.0921875 0.2359375
0 0.396875 0.253125 0.09453125 0.1921875
0 0.37109375 0.0796875 0.1078125 0.159375
0 0.61171875 0.08046875 0.06171875 0.1609375
0 0.659375 0.13125 0.06640625 0.1796875
0 0.7109375 0.81484375 0.06875 0.24609375
0 0.7515625 0.7859375 0.06328125 0.19140625
0 0.79921875 0.8 0.059375 0.24765625
0 0.83046875 0.9265625 0.0265625 0.078125
0 0.9375 0.74609375 0.11953125 0.29453125
0 0.96796875 0.70859375 0.06171875 0.19375