0 0.12890625 0.4625 0.103125 0.22890625
0 0.2671875 0.721875 0.0828125 0.24375
0 0.28125 0.7765625 0.06015625 0.23125
0 0.084375 0.81484375 0.09453125 0.2859375
0 0.27734375 0.9203125 0.0625 0.159375
0 0.315625 0.9375 0.053125 0.125
0 0.03515625 0.9359375 0.03359375 0.1
0 0.48125 0.71171875 0.07578125 0.24921875
0 0.55625 0.7359375 0.06328125 0.26796875
0 0.6609375 0.846875 0.06875 0.234375
0 0.62421875 0.7109375 0.0765625 0.1421875
0 0.621875 0.52578125 0.07421875 0.25390625
0 0.56171875 0.33203125 0.06796875 0.2109375
0 0.6296875 0.23359375 0.1203125 0.2171875
0 0.6453125 0.06328125 0.09609375 0.1265625
0 0.678125 0.42734375 0.04375 0.1640625
0 0.76953125 0.3890625 0.0765625 0.209375
0 0.7484375 0.47109375 0.08203125 0.20078125
0 0.85625 0.509375 0.090625 0.2109375
0 0.9453125 0.42421875 0.109375 0.24140625
0 0.9484375 0.30234375 0.10234375 0.18671875
0 0.590625 0.9453125 0.0734375 0.109375
0 0.7625 0.94453125 0.0421875 0.0984375