0 0.34609375 0.18671875 0.06015625 0.0890625
0 0.175 0.18984375 0.10625 0.07421875
0 0.22109375 0.246875 0.0890625 0.09453125
0 0.18203125 0.1203125 0.103125 0.11171875
0 0.0625 0.10625 0.11875 0.12578125
0 0.05 0.20078125 0.09921875 0.11171875
0 0.059375 0.33828125 0.0625 0.0578125
0 0.11796875 0.34921875 0.07578125 0.059375
0 0.10625 0.26875 0.09609375 0.05859375
0 0.18828125 0.59296875 0.0796875 0.065625
0 0.19765625 0.48828125 0.06328125 0.0296875
0 0.2546875 0.50859375 0.0578125 0.065625
0 0.071875 0.5828125 0.0859375 0.06953125
0 0.1171875 0.45078125 0.084375 0.065625
0 0.053125 0.44765625 0.0609375 0.059375
0 0.409375 0.50546875 0.0609375 0.071875
0 0.3921875 0.60859375 0.04921875 0.08515625
0 0.06875 0.7171875 0.12109375 0.12578125
0 0.25 0.75625 0.08125 0.10390625
0 0.11484375 0.8640625 0.125 0.13515625
0 0.39453125 0.85390625 0.0546875 0.10625
0 0.2640625 0.90859375 0.06171875 0.12890625
0 0.5453125 0.51328125 0.06171875 0.0828125
0 0.61640625 0.47578125 0.0609375 0.06953125
0 0.57421875 0.615625 0.06640625 0.09453125
0 0.66015625 0.59375 0.06640625 0.059375
0 0.68359375 0.70390625 0.07265625 0.09375
0 0.59453125 0.259375 0.05078125 0.0734375
0 0.71171875 0.3 0.07265625 0.08046875
0 0.7609375 0.43359375 0.08046875 0.10078125
0 0.7265625 0.56796875 0.07109375 0.078125
0 0.87578125 0.57734375 0.1625 0.125
0 0.5046875 0.82890625 0.04296875 0.10078125
0 0.9015625 0.46484375 0.17109375 0.0640625
0 0.87578125 0.2390625 0.1765625 0.103125
0 0.60390625 0.0859375 0.06953125 0.13359375
0 0.29453125 0.3640625 0.08515625 0.07734375