0 0.82109375 0.053125 0.071875 0.10234375
0 0.6109375 0.08515625 0.034375 0.09140625
0 0.57734375 0.034375 0.028125 0.06875
0 0.50078125 0.165625 0.0484375 0.1265625
0 0.28828125 0.19453125 0.0484375 0.10546875
0 0.55546875 0.20703125 0.04140625 0.0734375
0 0.70859375 0.50859375 0.0453125 0.10625
0 0.8359375 0.52734375 0.04296875 0.053125
0 0.88125 0.55625 0.05390625 0.0671875
0 0.96171875 0.4421875 0.04296875 0.09921875
0 0.86015625 0.6515625 0.071875 0.08984375
0 0.8578125 0.740625 0.059375 0.0734375
0 0.88203125 0.95 0.0453125 0.06171875
0 0.6578125 0.5984375 0.05703125 0.10234375
0 0.65625 0.73515625 0.05546875 0.1203125
0 0.55859375 0.86484375 0.071875 0.1
0 0.4515625 0.7078125 0.0515625 0.09296875
0 0.4140625 0.6109375 0.0640625 0.07890625
0 0.184375 0.503125 0.05390625 0.071875
0 0.2078125 0.7046875 0.0609375 0.09296875
0 0.24296875 0.8421875 0.065625 0.090625
0 0.1953125 0.95 0.06015625 0.0671875