0 0.1109375 0.44765625 0.0203125 0.1046875
0 0.18203125 0.33984375 0.02265625 0.09765625
0 0.21953125 0.30859375 0.0203125 0.09453125
0 0.3140625 0.15625 0.01484375 0.0765625
0 0.32578125 0.28046875 0.01875 0.0875
0 0.35546875 0.35703125 0.0203125 0.08359375
0 0.39453125 0.3671875 0.02109375 0.08203125
0 0.565625 0.378125 0.02421875 0.0734375
0 0.35078125 0.5421875 0.02734375 0.10234375
0 0.38671875 0.58125 0.03125 0.09375
0 0.52890625 0.54140625 0.03359375 0.1046875
0 0.5015625 0.81640625 0.02578125 0.1171875
0 0.8375 0.55859375 0.03203125 0.13203125
0 0.78125 0.26953125 0.0203125 0.07421875
0 0.675 0.2171875 0.01640625 0.0859375