0 0.33125 0.39921875 0.03203125 0.10625
0 0.3203125 0.58984375 0.0265625 0.08203125
0 0.30546875 0.48359375 0.03359375 0.065625
0 0.01796875 0.20859375 0.0359375 0.07578125
0 0.0265625 0.28046875 0.04140625 0.05625
0 0.31328125 0.66015625 0.0296875 0.0890625
0 0.36796875 0.68046875 0.034375 0.07421875
0 0.38046875 0.596875 0.03203125 0.09296875
0 0.4078125 0.69140625 0.03203125 0.090625
0 0.44921875 0.6265625 0.02734375 0.10078125
0 0.4015625 0.49921875 0.02734375 0.0875
0 0.42109375 0.5125 0.0328125 0.07578125
0 0.4078125 0.3703125 0.025 0.0921875
0 0.38125 0.24765625 0.02578125 0.08984375
0 0.409375 0.17890625 0.04609375 0.103125
0 0.46640625 0.228125 0.02578125 0.1
0 0.50546875 0.3421875 0.02109375 0.09296875
0 0.51875 0.1953125 0.0234375 0.08203125
0 0.55859375 0.22265625 0.0296875 0.09140625