0 0.32265625 0.32265625 0.0296875 0.17265625
0 0.38671875 0.07734375 0.0359375 0.1546875
0 0.4234375 0.05 0.04375 0.1
0 0.4796875 0.03671875 0.0375 0.0734375
0 0.45546875 0.0859375 0.02734375 0.07265625
0 0.421875 0.175 0.034375 0.15390625
0 0.46171875 0.18515625 0.0359375 0.13359375
0 0.51328125 0.10859375 0.0390625 0.18046875
0 0.5265625 0.2140625 0.03203125 0.08046875
0 0.56328125 0.05078125 0.040625 0.1015625
0 0.5890625 0.11484375 0.03203125 0.0890625
0 0.63359375 0.08203125 0.03984375 0.1640625
0 0.69140625 0.3265625 0.04453125 0.07265625
0 0.70703125 0.409375 0.03671875 0.1015625
0 0.6046875 0.3546875 0.02890625 0.146875
0 0.3359375 0.49609375 0.03125 0.13671875
0 0.33671875 0.59609375 0.0375 0.08515625
0 0.36484375 0.6921875 0.025 0.0546875
0 0.446875 0.6625 0.02734375 0.13671875
0 0.3859375 0.415625 0.02734375 0.04296875
0 0.42890625 0.44453125 0.028125 0.15234375
0 0.46484375 0.43515625 0.0375 0.16640625
0 0.3671875 0.3828125 0.02578125 0.0625
0 0.353125 0.23359375 0.0265625 0.10546875
0 0.384375 0.2 0.03359375 0.09375
0 0.365625 0.4640625 0.01796875 0.06171875
0 0.38671875 0.4625 0.02265625 0.0515625
0 0.37421875 0.5515625 0.01875 0.08125
0 0.39140625 0.55390625 0.01796875 0.04921875
0 0.3828125 0.63515625 0.01875 0.04453125
0 0.3953125 0.68515625 0.028125 0.040625
0 0.396875 0.72265625 0.01953125 0.03515625
0 0.5234375 0.715625 0.03046875 0.03984375
0 0.53515625 0.4765625 0.0265625 0.0421875
0 0.5421875 0.559375 0.015625 0.0890625
0 0.5046875 0.58984375 0.01796875 0.06484375
0 0.53828125 0.62890625 0.02265625 0.0734375
0 0.53671875 0.3359375 0.02109375 0.12421875
0 0.51796875 0.39375 0.01640625 0.12421875
0 0.5453125 0.42265625 0.02578125 0.046875
0 0.5578125 0.50390625 0.01875 0.0703125
0 0.57890625 0.49453125 0.01953125 0.0890625
0 0.5515625 0.2578125 0.02578125 0.0671875