0 0.49765625 0.58203125 0.0546875 0.24140625
0 0.5546875 0.5578125 0.0546875 0.221875
0 0.61484375 0.553125 0.05 0.25078125
0 0.65078125 0.621875 0.02265625 0.15859375
0 0.71875 0.5640625 0.065625 0.25
0 0.66640625 0.51875 0.04765625 0.2203125
0 0.6328125 0.40546875 0.0375 0.178125
0 0.609375 0.428125 0.040625 0.10390625
0 0.57578125 0.43046875 0.040625 0.20703125
0 0.51328125 0.44609375 0.0453125 0.18515625
0 0.5015625 0.46796875 0.03984375 0.1171875
0 0.46796875 0.45546875 0.03671875 0.178125
0 0.45546875 0.52421875 0.04921875 0.20859375
0 0.434375 0.57265625 0.04921875 0.24140625
0 0.321875 0.48125 0.04140625 0.23828125
0 0.3640625 0.496875 0.05625 0.23125
0 0.33203125 0.37734375 0.03125 0.18984375
0 0.409375 0.4875 0.03671875 0.19921875
0 0.41640625 0.39921875 0.03515625 0.11875
0 0.85859375 0.709375 0.03828125 0.1765625
0 0.796875 0.778125 0.0625 0.2296875
0 0.6953125 0.86875 0.04765625 0.2625
0 0.74765625 0.9375 0.03671875 0.12421875
0 0.8484375 0.8921875 0.059375 0.215625
0 0.3765625 0.9171875 0.05078125 0.16484375
0 0.27421875 0.90234375 0.0640625 0.1953125
0 0.2125 0.9140625 0.05625 0.171875
0 0.12578125 0.6125 0.053125 0.2703125
0 0.1453125 0.91640625 0.0625 0.1671875