0 0.37265625 0.3234375 0.03515625 0.1625
0 0.2640625 0.1984375 0.065625 0.1015625
0 0.146875 0.3046875 0.04921875 0.17265625
0 0.2875 0.55625 0.03671875 0.1359375
0 0.4234375 0.27578125 0.0296875 0.17421875
0 0.41484375 0.41171875 0.025 0.1015625
0 0.40703125 0.4953125 0.0328125 0.07265625
0 0.44375 0.34375 0.0203125 0.0765625
0 0.4703125 0.26015625 0.0359375 0.16875
0 0.5109375 0.20625 0.034375 0.22109375
0 0.5484375 0.175 0.03828125 0.1765625
0 0.59140625 0.21640625 0.040625 0.1671875
0 0.64375 0.2828125 0.040625 0.20234375
0 0.67734375 0.3875 0.03125 0.17265625
0 0.7640625 0.37109375 0.03984375 0.15
0 0.85 0.38984375 0.04765625 0.1546875
0 0.87265625 0.89375 0.03203125 0.10546875
0 0.50234375 0.43515625 0.03125 0.1421875
0 0.5015625 0.70625 0.02109375 0.128125
0 0.52421875 0.69140625 0.01796875 0.1203125
0 0.57578125 0.353125 0.0234375 0.121875
0 0.58046875 0.4359375 0.028125 0.09453125
0 0.5734375 0.53125 0.0203125 0.0890625
0 0.59453125 0.5203125 0.015625 0.11171875
0 0.60859375 0.334375 0.02109375 0.121875
0 0.6359375 0.41171875 0.0171875 0.10546875
0 0.64921875 0.42265625 0.01796875 0.10234375
0 0.62421875 0.48203125 0.02578125 0.053125
0 0.6203125 0.59375 0.0234375 0.13203125
0 0.63125 0.66328125 0.02265625 0.0609375
0 0.65234375 0.60078125 0.01640625 0.1125
0 0.66875 0.57734375 0.0171875 0.140625
0 0.69140625 0.521875 0.01953125 0.09921875
0 0.69375 0.584375 0.0171875 0.0390625
0 0.75625 0.55625 0.03203125 0.1546875
0 0.77578125 0.50703125 0.0421875 0.15546875
0 0.5578125 0.921875 0.01484375 0.06640625