0 0.5640625 0.34921875 0.06171875 0.08046875
0 0.55078125 0.64296875 0.0578125 0.16171875
0 0.44609375 0.38515625 0.06328125 0.08203125
0 0.39921875 0.72578125 0.04453125 0.10546875
0 0.3109375 0.41640625 0.07109375 0.07890625
0 0.28125 0.36484375 0.05625 0.0625
0 0.0828125 0.6953125 0.10234375 0.12265625
0 0.11640625 0.31015625 0.1015625 0.09296875
0 0.471875 0.87734375 0.05 0.13203125
0 0.69375 0.840625 0.04921875 0.1328125
0 0.6546875 0.82734375 0.03671875 0.08984375
0 0.615625 0.8484375 0.0375 0.10703125
0 0.53125 0.8203125 0.0421875 0.096875
0 0.7484375 0.79609375 0.07421875 0.1265625
0 0.8578125 0.8171875 0.08671875 0.08125
0 0.2578125 0.8125 0.10546875 0.12265625
0 0.1234375 0.8421875 0.13359375 0.1453125
0 0.8 0.66015625 0.10234375 0.06484375
0 0.9078125 0.7015625 0.11171875 0.09375
0 0.728125 0.32578125 0.06796875 0.05859375
0 0.803125 0.3640625 0.0734375 0.06875
0 0.95546875 0.421875 0.0796875 0.06875
0 0.1734375 0.5296875 0.08046875 0.04609375
0 0.1375 0.421875 0.07109375 0.07421875
0 0.55546875 0.1390625 0.05703125 0.12578125
0 0.87890625 0.24921875 0.11015625 0.10703125
0 0.6296875 0.071875 0.06171875 0.12265625
0 0.38203125 0.15625 0.06328125 0.0890625
0 0.703125 0.15546875 0.09296875 0.05078125
0 0.828125 0.11171875 0.06796875 0.10234375
0 0.0390625 0.58515625 0.078125 0.090625
0 0.2609375 0.53984375 0.12109375 0.09140625
0 0.28671875 0.1234375 0.0515625 0.1109375
0 0.79609375 0.1890625 0.06640625 0.0984375
0 0.4984375 0.0859375 0.04921875 0.1265625
0 0.37421875 0.0765625 0.0421875 0.11953125
0 0.8953125 0.5484375 0.10234375 0.07109375