0 0.67265625 0.39609375 0.0234375 0.11796875
0 0.62265625 0.45703125 0.02265625 0.1046875
0 0.53515625 0.5484375 0.03046875 0.0953125
0 0.46953125 0.5609375 0.02421875 0.10078125
0 0.5203125 0.3234375 0.02109375 0.09375
0 0.45078125 0.2625 0.03359375 0.09375
0 0.39375 0.3609375 0.034375 0.07890625
0 0.36484375 0.46953125 0.01796875 0.1015625
0 0.34453125 0.53046875 0.025 0.078125
0 0.325 0.77578125 0.03203125 0.075
0 0.32109375 0.87578125 0.01015625 0.0703125
0 0.3875 0.9203125 0.01640625 0.09765625
0 0.44765625 0.9765625 0.01796875 0.046875
0 0.278125 0.60390625 0.0265625 0.096875
0 0.24140625 0.7640625 0.0203125 0.0625
0 0.21171875 0.65546875 0.02109375 0.0671875
0 0.153125 0.5359375 0.01875 0.10625
0 0.24140625 0.95390625 0.0203125 0.05234375