0 0.77421875 0.40078125 0.0296875 0.146875
0 0.75546875 0.45 0.02578125 0.11796875
0 0.72890625 0.57109375 0.02109375 0.09375
0 0.76171875 0.65078125 0.01484375 0.10546875
0 0.709375 0.72734375 0.021875 0.07734375
0 0.609375 0.6953125 0.01484375 0.07578125
0 0.6015625 0.75 0.015625 0.05546875
0 0.484375 0.65625 0.01875 0.10859375
0 0.40625 0.75859375 0.01484375 0.08359375
0 0.3015625 0.70859375 0.02109375 0.0953125
0 0.22265625 0.48046875 0.025 0.1171875
0 0.30703125 0.84140625 0.01484375 0.07578125