0 0.2765625 0.615625 0.028125 0.12421875
0 0.29296875 0.47109375 0.0234375 0.13203125
0 0.415625 0.7328125 0.03203125 0.17265625
0 0.51328125 0.41015625 0.02265625 0.11015625
0 0.36640625 0.36015625 0.0234375 0.103125
0 0.55390625 0.37421875 0.01953125 0.1
0 0.6234375 0.4109375 0.025 0.10390625
0 0.66328125 0.30703125 0.02265625 0.10859375
0 0.6828125 0.2109375 0.01796875 0.078125
0 0.72109375 0.21484375 0.01484375 0.0671875
0 0.79453125 0.36328125 0.0234375 0.0921875
0 0.85390625 0.65546875 0.028125 0.1484375