0 0.403125 0.1234375 0.0609375 0.24609375
0 0.478125 0.1328125 0.06015625 0.265625
0 0.378125 0.3140625 0.0453125 0.17265625
0 0.4328125 0.32421875 0.04375 0.175
0 0.41640625 0.471875 0.0390625 0.11484375
0 0.4734375 0.4453125 0.03203125 0.09921875
0 0.465625 0.5375 0.03671875 0.07578125
0 0.5 0.40703125 0.03125 0.11484375
0 0.5328125 0.3 0.03671875 0.27890625
0 0.56796875 0.3578125 0.02890625 0.2234375
0 0.59765625 0.32890625 0.03828125 0.225
0 0.621875 0.11484375 0.065625 0.2296875
0 0.64140625 0.2890625 0.0484375 0.13828125
0 0.7 0.1953125 0.06015625 0.33984375
0 0.6765625 0.50390625 0.0265625 0.21875
0 0.7125 0.43828125 0.04453125 0.159375
0 0.7765625 0.25 0.053125 0.271875
0 0.80703125 0.07734375 0.09296875 0.1546875
0 0.8671875 0.1203125 0.059375 0.18515625
0 0.77109375 0.46171875 0.03203125 0.19140625
0 0.50859375 0.521875 0.0296875 0.121875
0 0.5390625 0.48671875 0.03828125 0.1140625
0 0.63203125 0.42265625 0.034375 0.1390625
0 0.65 0.475 0.0375 0.16484375
0 0.59140625 0.49921875 0.03046875 0.0984375
0 0.61484375 0.5328125 0.03515625 0.11796875
0 0.5828125 0.57734375 0.034375 0.0625
0 0.53515625 0.621875 0.0296875 0.103125
0 0.5765625 0.62734375 0.0296875 0.0875
0 0.61953125 0.62421875 0.02578125 0.134375
0 0.65078125 0.62421875 0.0296875 0.134375
0 0.68203125 0.63125 0.0265625 0.096875
0 0.4984375 0.6421875 0.02421875 0.11796875
0 0.5015625 0.73359375 0.01875 0.0828125
0 0.525 0.7484375 0.02109375 0.06328125
0 0.5640625 0.746875 0.01953125 0.10234375
0 0.58203125 0.75625 0.0171875 0.06484375
0 0.6046875 0.7 0.01484375 0.08515625
0 0.6671875 0.70546875 0.01328125 0.05546875