0 0.61328125 0.475 0.03515625 0.11015625
0 0.58359375 0.56015625 0.03359375 0.1140625
0 0.52890625 0.6234375 0.025 0.11640625
0 0.54921875 0.53984375 0.0203125 0.10234375
0 0.49609375 0.56484375 0.028125 0.096875
0 0.45546875 0.60078125 0.034375 0.11328125
0 0.45390625 0.5171875 0.02109375 0.06171875
0 0.40078125 0.5140625 0.02734375 0.11015625
0 0.42734375 0.44375 0.028125 0.090625
0 0.5953125 0.38671875 0.0171875 0.06796875
0 0.578125 0.4125 0.025 0.06484375
0 0.56015625 0.3953125 0.025 0.090625
0 0.53046875 0.3703125 0.02578125 0.10078125
0 0.48359375 0.35703125 0.0234375 0.115625
0 0.46328125 0.35390625 0.01796875 0.1
0 0.44375 0.3859375 0.02578125 0.0953125
0 0.4125 0.3921875 0.028125 0.07109375
0 0.571875 0.34140625 0.0203125 0.08828125
0 0.53046875 0.30859375 0.01796875 0.04609375