0 0.4796875 0.8859375 0.103125 0.21640625
0 0.390625 0.9453125 0.13125 0.109375
0 0.56015625 0.9484375 0.07890625 0.103125
0 0.61640625 0.88359375 0.0765625 0.15
0 0.675 0.91796875 0.08125 0.1640625
0 0.7546875 0.9 0.08828125 0.1625
0 0.83515625 0.9625 0.07109375 0.075
0 0.8390625 0.86796875 0.0890625 0.16171875
0 0.91953125 0.8109375 0.090625 0.2328125
0 0.9140625 0.6234375 0.096875 0.28828125
0 0.9765625 0.75078125 0.046875 0.234375
0 0.97421875 0.51796875 0.0515625 0.23515625
0 0.82265625 0.690625 0.109375 0.21015625
0 0.68203125 0.72421875 0.1578125 0.2421875
0 0.64765625 0.615625 0.0984375 0.33359375
0 0.51796875 0.71796875 0.16484375 0.359375
0 0.3046875 0.778125 0.10234375 0.27421875
0 0.1859375 0.8984375 0.1140625 0.203125
0 0.06484375 0.82734375 0.12890625 0.25390625
0 0.04296875 0.946875 0.08515625 0.1015625
0 0.0546875 0.61640625 0.109375 0.24765625
0 0.1296875 0.57734375 0.1734375 0.2
0 0.17578125 0.49921875 0.1140625 0.31875
0 0.07734375 0.36484375 0.12265625 0.215625
0 0.12109375 0.47734375 0.11328125 0.2015625
0 0.20078125 0.37734375 0.14765625 0.22578125
0 0.2765625 0.5515625 0.1 0.2265625
0 0.42421875 0.59453125 0.1 0.3625
0 0.4046875 0.38203125 0.125 0.26328125
0 0.4859375 0.3515625 0.11328125 0.32890625
0 0.5828125 0.46328125 0.10078125 0.296875
0 0.68671875 0.465625 0.1078125 0.2625
0 0.7453125 0.628125 0.10390625 0.19609375
0 0.76328125 0.4734375 0.0921875 0.1390625
0 0.83203125 0.51015625 0.06953125 0.1703125
0 0.90078125 0.38515625 0.08046875 0.25
0 0.8328125 0.32578125 0.078125 0.2875
0 0.7703125 0.321875 0.0953125 0.209375
0 0.68671875 0.30546875 0.09921875 0.15859375
0 0.60625 0.2984375 0.0875 0.1484375
0 0.50546875 0.2328125 0.071875 0.1421875
0 0.4421875 0.17890625 0.08203125 0.153125
0 0.38125 0.22890625 0.0921875 0.1328125
0 0.31015625 0.18203125 0.10234375 0.17890625
0 0.32265625 0.3859375 0.12578125 0.34453125
0 0.20390625 0.28203125 0.14453125 0.22890625
0 0.1015625 0.25078125 0.06875 0.10546875
0 0.1328125 0.12265625 0.0859375 0.17421875
0 0.15859375 0.16015625 0.05859375 0.109375
0 0.225 0.2390625 0.09140625 0.23125
0 0.1875 0.07421875 0.08515625 0.14453125
0 0.25078125 0.1078125 0.075 0.18515625
0 0.3921875 0.09765625 0.06015625 0.1953125
0 0.33671875 0.09296875 0.08671875 0.1859375
0 0.48671875 0.096875 0.0984375 0.190625
0 0.528125 0.07265625 0.05625 0.1453125
0 0.54921875 0.1203125 0.059375 0.14609375
0 0.62421875 0.0609375 0.0859375 0.11796875
0 0.6 0.15859375 0.06484375 0.11640625
0 0.6296875 0.103125 0.07421875 0.09921875
0 0.71953125 0.04296875 0.09140625 0.07890625
0 0.71875 0.096875 0.06875 0.08515625
0 0.67578125 0.16015625 0.05078125 0.11015625
0 0.75546875 0.2015625 0.0890625 0.12578125
0 0.78359375 0.159375 0.07734375 0.17890625
0 0.8671875 0.1921875 0.1015625 0.14140625
0 0.9203125 0.2671875 0.08125 0.36953125
0 0.98203125 0.325 0.03515625 0.2265625
0 0.96953125 0.07421875 0.0609375 0.13515625