0 0.0890625 0.82109375 0.07890625 0.19296875
0 0.27109375 0.78203125 0.0578125 0.1828125
0 0.2875 0.94375 0.07265625 0.1125
0 0.41640625 0.86015625 0.059375 0.20390625
0 0.51796875 0.84765625 0.05625 0.20703125
0 0.540625 0.67578125 0.04765625 0.1953125
0 0.64609375 0.57109375 0.0421875 0.15703125
0 0.95 0.40625 0.040625 0.1921875
0 0.6640625 0.32109375 0.0390625 0.165625
0 0.18359375 0.5046875 0.03046875 0.13828125
0 0.21484375 0.52265625 0.03359375 0.153125
0 0.2484375 0.515625 0.03828125 0.13125
0 0.2296875 0.47421875 0.02890625 0.1125
0 0.03359375 0.175 0.034375 0.1265625
0 0.11953125 0.14921875 0.0421875 0.15
0 0.38046875 0.42265625 0.0390625 0.18125
0 0.48515625 0.34296875 0.03046875 0.16171875
0 0.5484375 0.3171875 0.02578125 0.1375
0 0.57265625 0.22265625 0.034375 0.1484375
0 0.325 0.071875 0.02734375 0.115625
0 0.3703125 0.07734375 0.02578125 0.1359375
0 0.50234375 0.0703125 0.0265625 0.115625
0 0.53203125 0.0734375 0.02265625 0.109375
0 0.6484375 0.09375 0.0265625 0.1140625
0 0.73671875 0.0875 0.02421875 0.13515625
0 0.8015625 0.13984375 0.0296875 0.15078125
0 0.96484375 0.23125 0.03203125 0.13046875
0 0.99140625 0.2453125 0.01640625 0.14375