0 0.434375 0.5375 0.0859375 0.24921875
0 0.53203125 0.65546875 0.05234375 0.171875
0 0.2546875 0.28671875 0.07265625 0.246875
0 0.275 0.22421875 0.0703125 0.22890625
0 0.40390625 0.296875 0.0625 0.2
0 0.45390625 0.38515625 0.0734375 0.23359375
0 0.48671875 0.27734375 0.06015625 0.2078125
0 0.61328125 0.6421875 0.0625 0.23984375
0 0.59140625 0.521875 0.07890625 0.18203125
0 0.66953125 0.3921875 0.084375 0.228125
0 0.6953125 0.73828125 0.096875 0.20625
0 0.6453125 0.9328125 0.109375 0.134375
0 0.76796875 0.82890625 0.1359375 0.21640625
0 0.7796875 0.47734375 0.0953125 0.25546875
0 0.8421875 0.359375 0.06328125 0.15078125
0 0.8453125 0.1484375 0.0734375 0.21171875