0 0.09140625 0.721875 0.06640625 0.09453125
0 0.05 0.8453125 0.0953125 0.0828125
0 0.103125 0.4296875 0.09765625 0.1359375
0 0.08984375 0.28359375 0.08046875 0.1453125
0 0.02578125 0.3625 0.04921875 0.1125
0 0.04296875 0.3203125 0.05390625 0.08828125
0 0.071875 0.2109375 0.0890625 0.12265625
0 0.1609375 0.2515625 0.0671875 0.12109375
0 0.196875 0.12421875 0.05078125 0.0546875
0 0.228125 0.1953125 0.0546875 0.096875
0 0.25625 0.29296875 0.046875 0.11640625
0 0.309375 0.26484375 0.05390625 0.14375
0 0.2921875 0.39609375 0.04921875 0.1609375
0 0.2109375 0.4765625 0.05625 0.10859375
0 0.41015625 0.4640625 0.0453125 0.1265625
0 0.34765625 0.74609375 0.040625 0.08203125
0 0.38515625 0.81484375 0.05 0.08359375
0 0.47421875 0.328125 0.034375 0.1390625
0 0.47421875 0.21875 0.0375 0.0859375
0 0.584375 0.5546875 0.03828125 0.096875
0 0.5640625 0.6671875 0.04375 0.09921875
0 0.69609375 0.571875 0.040625 0.11484375
0 0.58203125 0.903125 0.0453125 0.10703125
0 0.628125 0.90625 0.0546875 0.096875
0 0.646875 0.31015625 0.05703125 0.13359375
0 0.8109375 0.91328125 0.0578125 0.1109375
0 0.92734375 0.15859375 0.0546875 0.13203125
0 0.96171875 0.953125 0.0765625 0.09375
0 0.90859375 0.540625 0.05859375 0.1171875
0 0.87578125 0.4640625 0.05 0.0953125
0 0.92734375 0.440625 0.04609375 0.07578125
0 0.8109375 0.34921875 0.03828125 0.12890625
0 0.86796875 0.3875 0.05703125 0.1125
0 0.8515625 0.30078125 0.040625 0.09296875
0 0.97265625 0.453125 0.0546875 0.14453125
0 0.8578125 0.04921875 0.04375 0.0984375
0 0.7875 0.04375 0.034375 0.0875