0 0.41875 0.459375 0.01796875 0.05703125
0 0.41796875 0.54765625 0.0203125 0.05546875
0 0.44609375 0.55078125 0.02109375 0.05
0 0.46484375 0.459375 0.0203125 0.05234375
0 0.47109375 0.54609375 0.01875 0.05546875
0 0.48046875 0.4625 0.01484375 0.065625
0 0.49375 0.44375 0.0140625 0.065625
0 0.49140625 0.540625 0.01640625 0.05234375
0 0.5078125 0.6296875 0.01328125 0.059375
0 0.52109375 0.540625 0.02109375 0.05625
0 0.52421875 0.6265625 0.01640625 0.046875
0 0.54765625 0.53828125 0.02109375 0.06171875
0 0.55078125 0.615625 0.021875 0.05
0 0.578125 0.540625 0.01796875 0.05625
0 0.5765625 0.615625 0.01484375 0.05
0 0.540625 0.35546875 0.025 0.05234375
0 0.5875 0.2921875 0.01875 0.05859375
0 0.5953125 0.36171875 0.02109375 0.05390625
0 0.5875 0.43671875 0.0140625 0.0515625
0 0.6 0.53203125 0.01953125 0.05
0 0.59921875 0.615625 0.01875 0.05
0 0.62421875 0.53515625 0.01875 0.04921875
0 0.6234375 0.61953125 0.02109375 0.0609375
0 0.65 0.534375 0.02421875 0.046875
0 0.64296875 0.603125 0.01484375 0.04765625
0 0.66328125 0.59921875 0.021875 0.046875
0 0.39296875 0.7296875 0.0234375 0.053125
0 0.40546875 0.63046875 0.02265625 0.053125
0 0.4125 0.7296875 0.01953125 0.05859375
0 0.42109375 0.63828125 0.01484375 0.046875
0 0.434375 0.73046875 0.02265625 0.0609375
0 0.44765625 0.63125 0.01953125 0.0515625
0 0.4625 0.63203125 0.02109375 0.05390625
0 0.4546875 0.72421875 0.015625 0.05546875
0 0.48046875 0.71953125 0.0203125 0.06484375
0 0.4859375 0.621875 0.015625 0.05546875
0 0.509375 0.71484375 0.01796875 0.05546875
0 0.5359375 0.70234375 0.01640625 0.03828125
0 0.5609375 0.70625 0.015625 0.0453125
0 0.57890625 0.7046875 0.0140625 0.04765625
0 0.6046875 0.7 0.0125 0.0484375
0 0.62421875 0.6859375 0.01796875 0.04921875
0 0.646875 0.68203125 0.0203125 0.06484375
0 0.67890625 0.68046875 0.01953125 0.05
0 0.696875 0.675 0.01640625 0.046875
0 0.628125 0.29921875 0.0203125 0.05390625
0 0.640625 0.3546875 0.01875 0.05390625
0 0.66796875 0.4421875 0.02109375 0.0546875
0 0.66328125 0.2859375 0.01796875 0.046875
0 0.6859375 0.35 0.0171875 0.06328125
0 0.690625 0.43359375 0.01796875 0.04453125
0 0.71875 0.5171875 0.01640625 0.06171875
0 0.7140625 0.58671875 0.02109375 0.04375
0 0.71796875 0.675 0.01953125 0.0609375
0 0.73515625 0.58515625 0.02109375 0.0515625
0 0.7390625 0.6734375 0.01484375 0.0546875
0 0.75078125 0.6859375 0.01796875 0.04296875
0 0.74765625 0.4140625 0.015625 0.05078125
0 0.7421875 0.4953125 0.021875 0.0359375
0 0.76640625 0.50625 0.021875 0.046875
0 0.7734375 0.57578125 0.021875 0.05546875
0 0.77421875 0.65703125 0.025 0.05546875
0 0.48984375 0.34765625 0.01953125 0.05859375
0 0.51484375 0.4484375 0.01953125 0.04609375
0 0.56875 0.4390625 0.01796875 0.05234375
0 0.64375 0.43046875 0.025 0.05
0 0.67265625 0.51953125 0.0203125 0.0578125