0 0.234375 0.3875 0.0125 0.03984375
0 0.2390625 0.34140625 0.01328125 0.06484375
0 0.2328125 0.35234375 0.01640625 0.03671875
0 0.26796875 0.34453125 0.015625 0.0515625
0 0.48984375 0.41953125 0.02109375 0.05
0 0.521875 0.4265625 0.03828125 0.06328125
0 0.55 0.37421875 0.01328125 0.046875
0 0.6015625 0.35859375 0.02265625 0.04453125
0 0.46640625 0.6109375 0.02578125 0.0796875
0 0.521875 0.65 0.03984375 0.0828125
0 0.5734375 0.7828125 0.0296875 0.075
0 0.60625 0.5828125 0.025 0.06953125
0 0.6375 0.659375 0.03046875 0.07265625
0 0.634375 0.80625 0.04609375 0.08125