0 0.8890625 0.55234375 0.0203125 0.1046875
0 0.81796875 0.66015625 0.02265625 0.09765625
0 0.78046875 0.69140625 0.0203125 0.09453125
0 0.6859375 0.84375 0.01484375 0.0765625
0 0.67421875 0.71953125 0.01875 0.0875
0 0.64453125 0.64296875 0.0203125 0.08359375
0 0.60546875 0.6328125 0.02109375 0.08203125
0 0.434375 0.621875 0.02421875 0.0734375
0 0.64921875 0.4578125 0.02734375 0.10234375
0 0.61328125 0.41875 0.03125 0.09375
0 0.47109375 0.45859375 0.03359375 0.1046875
0 0.4984375 0.18359375 0.02578125 0.1171875
0 0.1625 0.44140625 0.03203125 0.13203125
0 0.21875 0.73046875 0.0203125 0.07421875
0 0.325 0.7828125 0.01640625 0.0859375