0 0.62734375 0.6765625 0.03515625 0.1625
0 0.7359375 0.8015625 0.065625 0.1015625
0 0.853125 0.6953125 0.04921875 0.17265625
0 0.7125 0.44375 0.03671875 0.1359375
0 0.5765625 0.72421875 0.0296875 0.17421875
0 0.58515625 0.58828125 0.025 0.1015625
0 0.59296875 0.5046875 0.0328125 0.07265625
0 0.55625 0.65625 0.0203125 0.0765625
0 0.5296875 0.73984375 0.0359375 0.16875
0 0.4890625 0.79375 0.034375 0.22109375
0 0.4515625 0.825 0.03828125 0.1765625
0 0.40859375 0.78359375 0.040625 0.1671875
0 0.35625 0.7171875 0.040625 0.20234375
0 0.32265625 0.6125 0.03125 0.17265625
0 0.2359375 0.62890625 0.03984375 0.15
0 0.15 0.61015625 0.04765625 0.1546875
0 0.12734375 0.10625 0.03203125 0.10546875
0 0.49765625 0.56484375 0.03125 0.1421875
0 0.4984375 0.29375 0.02109375 0.128125
0 0.47578125 0.30859375 0.01796875 0.1203125
0 0.42421875 0.646875 0.0234375 0.121875
0 0.41953125 0.5640625 0.028125 0.09453125
0 0.4265625 0.46875 0.0203125 0.0890625
0 0.40546875 0.4796875 0.015625 0.11171875
0 0.39140625 0.665625 0.02109375 0.121875
0 0.3640625 0.58828125 0.0171875 0.10546875
0 0.35078125 0.57734375 0.01796875 0.10234375
0 0.37578125 0.51796875 0.02578125 0.053125
0 0.3796875 0.40625 0.0234375 0.13203125
0 0.36875 0.33671875 0.02265625 0.0609375
0 0.34765625 0.39921875 0.01640625 0.1125
0 0.33125 0.42265625 0.0171875 0.140625
0 0.30859375 0.478125 0.01953125 0.09921875
0 0.30625 0.415625 0.0171875 0.0390625
0 0.24375 0.44375 0.03203125 0.1546875
0 0.22421875 0.49296875 0.0421875 0.15546875
0 0.4421875 0.078125 0.01484375 0.06640625