0 0.35 0.2765625 0.0453125 0.21015625
0 0.06875 0.0984375 0.06796875 0.196875
0 0.46640625 0.04296875 0.08515625 0.0859375
0 0.9421875 0.04375 0.078125 0.0875
0 0.9359375 0.31953125 0.06796875 0.20390625
0 0.69765625 0.4171875 0.05234375 0.16328125
0 0.62109375 0.19375 0.065625 0.21328125
0 0.81484375 0.48046875 0.04375 0.16328125
0 0.78046875 0.4640625 0.0390625 0.16171875
0 0.75078125 0.47734375 0.046875 0.14140625
0 0.771875 0.53984375 0.03203125 0.065625
0 0.69609375 0.54921875 0.0515625 0.13828125
0 0.9421875 0.834375 0.05078125 0.16796875
0 0.87421875 0.934375 0.03125 0.13046875
0 0.8453125 0.90859375 0.034375 0.13359375
0 0.628125 0.72109375 0.046875 0.16796875
0 0.60859375 0.815625 0.05078125 0.11328125
0 0.621875 0.93984375 0.03671875 0.1125
0 0.5765625 0.9 0.03125 0.1390625
0 0.5453125 0.89453125 0.0328125 0.13046875
0 0.50625 0.84765625 0.02890625 0.1375
0 0.40390625 0.7234375 0.03359375 0.13828125
0 0.37578125 0.74765625 0.03359375 0.11875
0 0.51328125 0.52578125 0.0421875 0.16875
0 0.48125 0.63359375 0.05 0.159375
0 0.4328125 0.521875 0.04609375 0.1765625
0 0.45859375 0.34609375 0.0453125 0.178125
0 0.146875 0.6453125 0.04921875 0.184375
0 0.0578125 0.6359375 0.0375 0.1703125
0 0.09140625 0.78984375 0.0390625 0.13671875
0 0.10078125 0.88203125 0.02890625 0.10703125
0 0.07578125 0.8828125 0.02265625 0.08515625
0 0.2703125 0.90859375 0.0203125 0.13359375