0 0.684375 0.959375 0.02265625 0.07890625
0 0.67578125 0.89921875 0.0265625 0.04296875
0 0.60546875 0.9421875 0.0328125 0.115625
0 0.5671875 0.72734375 0.03125 0.17578125
0 0.5640625 0.6234375 0.02109375 0.046875
0 0.5703125 0.57734375 0.021875 0.0609375
0 0.55625 0.53515625 0.01796875 0.07421875
0 0.54140625 0.56875 0.01875 0.0953125
0 0.475 0.52734375 0.0171875 0.09453125
0 0.4578125 0.5203125 0.01875 0.12265625
0 0.4296875 0.4796875 0.01953125 0.115625
0 0.42265625 0.4125 0.0171875 0.0375
0 0.4046875 0.4859375 0.02109375 0.1140625
0 0.35390625 0.725 0.0296875 0.1390625
0 0.33203125 0.696875 0.0234375 0.12890625
0 0.2671875 0.6703125 0.028125 0.1453125
0 0.27578125 0.59765625 0.01796875 0.04609375
0 0.2203125 0.6265625 0.0296875 0.140625
0 0.36015625 0.53046875 0.01875 0.1203125
0 0.34453125 0.5546875 0.01875 0.11328125
0 0.30859375 0.50234375 0.0171875 0.125
0 0.3453125 0.47578125 0.01953125 0.05234375
0 0.328125 0.47109375 0.015625 0.08046875
0 0.55234375 0.4171875 0.02109375 0.10703125
0 0.53046875 0.4046875 0.01953125 0.11328125