0 0.61328125 0.91484375 0.0734375 0.1703125
0 0.65859375 0.86328125 0.07109375 0.165625
0 0.9296875 0.5375 0.1140625 0.25234375
0 0.9515625 0.7265625 0.09609375 0.19296875
0 0.93203125 0.2625 0.12265625 0.30078125
0 0.74765625 0.25390625 0.084375 0.2359375
0 0.71640625 0.2015625 0.0703125 0.22578125
0 0.6734375 0.246875 0.05 0.278125
0 0.62890625 0.30546875 0.07265625 0.2703125
0 0.58203125 0.23671875 0.071875 0.265625
0 0.37421875 0.9140625 0.09921875 0.1546875
0 0.296875 0.96484375 0.06875 0.06953125
0 0.14921875 0.53984375 0.09765625 0.25703125
0 0.09453125 0.33984375 0.0890625 0.14765625
0 0.234375 0.09765625 0.0796875 0.18671875
0 0.253125 0.07265625 0.05078125 0.1359375