0 0.734375 0.32890625 0.0265625 0.10546875
0 0.46875 0.234375 0.0296875 0.09921875
0 0.5421875 0.5375 0.02578125 0.1234375
0 0.546875 0.62578125 0.0203125 0.04453125
0 0.4078125 0.59140625 0.021875 0.10234375
0 0.3859375 0.60078125 0.021875 0.1125
0 0.33359375 0.54296875 0.02265625 0.1125
0 0.30859375 0.5359375 0.01953125 0.084375
0 0.2640625 0.7328125 0.0328125 0.10703125
0 0.33203125 0.79609375 0.02265625 0.09609375
0 0.32421875 0.91171875 0.02421875 0.10546875
0 0.24375 0.8078125 0.02109375 0.08671875
0 0.15859375 0.696875 0.02421875 0.090625
0 0.1421875 0.7546875 0.01328125 0.06875
0 0.03515625 0.7015625 0.025 0.09609375
0 0.209375 0.89375 0.0140625 0.07734375
0 0.190625 0.93125 0.0140625 0.10390625
0 0.40390625 0.8984375 0.021875 0.09609375