0 0.38984375 0.36015625 0.04765625 0.15625
0 0.10703125 0.8015625 0.04453125 0.14453125
0 0.034375 0.83515625 0.0453125 0.1265625
0 0.36875 0.71484375 0.04453125 0.15546875
0 0.2328125 0.06015625 0.05 0.1078125
0 0.18125 0.50703125 0.03359375 0.1421875
0 0.21015625 0.49140625 0.03515625 0.1328125
0 0.22265625 0.52109375 0.02265625 0.12578125
0 0.2421875 0.4921875 0.0390625 0.115625
0 0.4859375 0.52734375 0.05625 0.17890625
0 0.53046875 0.1234375 0.06015625 0.22109375
0 0.64375 0.25859375 0.04765625 0.153125
0 0.659375 0.096875 0.059375 0.19296875
0 0.7796875 0.09296875 0.0546875 0.1859375
0 0.9203125 0.50703125 0.05859375 0.18359375
0 0.64296875 0.80703125 0.04296875 0.1453125
0 0.53203125 0.7890625 0.0234375 0.121875
0 0.38671875 0.9375 0.02734375 0.10078125
0 0.4828125 0.8703125 0.03203125 0.1359375
0 0.5125 0.88046875 0.0203125 0.1171875
0 0.553125 0.87734375 0.03046875 0.1234375
0 0.709375 0.925 0.0265625 0.125
0 0.746875 0.9359375 0.02890625 0.12734375
0 0.90390625 0.8546875 0.0484375 0.1203125
0 0.93828125 0.87109375 0.02265625 0.14375
0 0.9625 0.8859375 0.0234375 0.134375
0 0.9578125 0.72109375 0.02890625 0.1390625
0 0.621875 0.965625 0.01796875 0.06796875
0 0.6546875 0.9546875 0.0296875 0.08125
0 0.59296875 0.9640625 0.0234375 0.0671875