0 0.746875 0.87578125 0.03359375 0.075
0 0.6703125 0.665625 0.03046875 0.075
0 0.696875 0.52890625 0.03046875 0.08828125
0 0.5984375 0.19921875 0.01796875 0.06328125
0 0.47890625 0.16171875 0.021875 0.06171875
0 0.5625 0.52890625 0.0234375 0.0765625
0 0.53203125 0.528125 0.01875 0.04765625
0 0.45546875 0.65703125 0.05390625 0.1234375
0 0.4359375 0.5890625 0.02421875 0.09609375
0 0.3859375 0.59921875 0.025 0.078125
0 0.43359375 0.42578125 0.025 0.0609375
0 0.4359375 0.38046875 0.0140625 0.04765625
0 0.31875 0.4453125 0.021875 0.08203125
0 0.2703125 0.29375 0.01796875 0.07109375
0 0.22734375 0.415625 0.01796875 0.0671875