0 0.59296875 0.92265625 0.025 0.140625
0 0.64453125 0.9265625 0.0359375 0.146875
0 0.5578125 0.9421875 0.0359375 0.115625
0 0.52421875 0.82578125 0.02109375 0.14140625
0 0.56015625 0.83671875 0.03203125 0.075
0 0.5984375 0.79296875 0.03359375 0.1078125
0 0.671875 0.78125 0.03125 0.1453125
0 0.69609375 0.68359375 0.0390625 0.06015625
0 0.7109375 0.60234375 0.03984375 0.10234375
0 0.3234375 0.6671875 0.02734375 0.10234375
0 0.453125 0.93046875 0.0328125 0.1390625
0 0.4984375 0.87734375 0.03203125 0.1984375
0 0.3609375 0.628125 0.02578125 0.10703125
0 0.35234375 0.765625 0.0296875 0.09140625
0 0.3875 0.6796875 0.03671875 0.03828125
0 0.37734375 0.8265625 0.0375 0.07734375
0 0.384375 0.9203125 0.025 0.09375
0 0.3375 0.49140625 0.02421875 0.1296875
0 0.33828125 0.4015625 0.02578125 0.05234375
0 0.5984375 0.66171875 0.02578125 0.146875
0 0.3828125 0.509375 0.0234375 0.059375
0 0.42578125 0.4578125 0.028125 0.140625
0 0.45625 0.46796875 0.034375 0.17578125
0 0.51640625 0.62734375 0.01640625 0.1609375
0 0.53984375 0.60546875 0.01875 0.0671875
0 0.575 0.55625 0.02109375 0.1296875
0 0.55859375 0.50234375 0.021875 0.0734375
0 0.50859375 0.4125 0.01796875 0.0375
0 0.5453125 0.36640625 0.01875 0.11171875
0 0.4765625 0.30390625 0.02421875 0.084375
0 0.3609375 0.31796875 0.03046875 0.046875
0 0.39140625 0.41484375 0.01953125 0.0640625
0 0.39375 0.3328125 0.02109375 0.0578125
0 0.3734375 0.44140625 0.01953125 0.05390625
0 0.55 0.75703125 0.02734375 0.0640625
0 0.53046875 0.2859375 0.02109375 0.04296875