0 0.7078125 0.55 0.02890625 0.140625
0 0.86015625 0.8734375 0.03984375 0.14921875
0 0.5515625 0.915625 0.04140625 0.15859375
0 0.503125 0.5078125 0.02421875 0.1296875
0 0.66484375 0.28671875 0.02109375 0.0859375
0 0.61953125 0.296875 0.02109375 0.065625
0 0.534375 0.2453125 0.01796875 0.07734375
0 0.38046875 0.30859375 0.01796875 0.09375
0 0.34296875 0.3640625 0.0234375 0.09765625
0 0.31484375 0.31875 0.02890625 0.07109375
0 0.29140625 0.5328125 0.02890625 0.12421875
0 0.23828125 0.3296875 0.01796875 0.09296875