0 0.16484375 0.28046875 0.0765625 0.2671875
0 0.065625 0.265625 0.09296875 0.27421875
0 0.03125 0.29921875 0.0625 0.21953125
0 0.24296875 0.27265625 0.06171875 0.23984375
0 0.26953125 0.2140625 0.06171875 0.23828125
0 0.47265625 0.41953125 0.10078125 0.234375
0 0.45 0.734375 0.071875 0.225
0 0.459375 0.58515625 0.065625 0.12109375
0 0.4890625 0.31640625 0.0625 0.29453125
0 0.6078125 0.28671875 0.06953125 0.2296875
0 0.690625 0.2875 0.071875 0.253125
0 0.684375 0.52734375 0.05390625 0.203125
0 0.60703125 0.93125 0.1078125 0.1375
0 0.78125 0.61328125 0.1109375 0.2140625
0 0.88046875 0.16640625 0.09609375 0.21953125
0 0.86484375 0.12421875 0.08046875 0.234375
0 0.77890625 0.421875 0.07265625 0.1375
0 0.734375 0.3171875 0.06171875 0.1953125