0 0.703125 0.69453125 0.03125 0.11484375
0 0.625 0.65390625 0.0328125 0.1265625
0 0.4953125 0.7875 0.02890625 0.11484375
0 0.4078125 0.79609375 0.0296875 0.13359375
0 0.34453125 0.759375 0.025 0.11484375
0 0.52421875 0.49140625 0.02890625 0.1109375
0 0.4359375 0.48828125 0.03203125 0.11953125
0 0.31328125 0.6046875 0.04296875 0.11015625
0 0.30625 0.490625 0.03671875 0.1046875
0 0.25390625 0.46015625 0.0453125 0.11796875
0 0.171875 0.3890625 0.0328125 0.096875
0 0.05234375 0.58984375 0.03515625 0.11796875
0 0.18359375 0.23359375 0.0375 0.08203125
0 0.2921875 0.2421875 0.03671875 0.09453125
0 0.25546875 0.10078125 0.02578125 0.0984375
0 0.36484375 0.0765625 0.02578125 0.09140625