0 0.32421875 0.775 0.04375 0.075
0 0.27578125 0.71796875 0.046875 0.0953125
0 0.13359375 0.6640625 0.06796875 0.06875
0 0.18984375 0.83515625 0.053125 0.07265625
0 0.18046875 0.934375 0.04140625 0.0703125
0 0.21328125 0.903125 0.04296875 0.07421875
0 0.03515625 0.9453125 0.05859375 0.08046875
0 0.03125 0.8765625 0.05625 0.08125
0 0.08984375 0.971875 0.059375 0.05546875
0 0.4265625 0.59453125 0.059375 0.096875
0 0.48359375 0.5875 0.06015625 0.1
0 0.6109375 0.46875 0.0640625 0.11953125
0 0.65859375 0.53671875 0.05390625 0.1078125
0 0.60546875 0.7375 0.04765625 0.09765625
0 0.59453125 0.66953125 0.03671875 0.08046875
0 0.58984375 0.62109375 0.03984375 0.05625
0 0.709375 0.73671875 0.0765625 0.09296875
0 0.7546875 0.84296875 0.0625 0.10390625
0 0.978125 0.91015625 0.04375 0.08359375
0 0.3796875 0.50625 0.053125 0.09296875
0 0.134375 0.3453125 0.06171875 0.13046875
0 0.1796875 0.30625 0.05625 0.12109375
0 0.22890625 0.2671875 0.065625 0.1171875
0 0.29765625 0.20546875 0.0484375 0.1328125
0 0.3421875 0.18203125 0.06328125 0.14296875
0 0.446875 0.15546875 0.04921875 0.121875
0 0.5765625 0.13984375 0.046875 0.1359375
0 0.63046875 0.14921875 0.03984375 0.15390625
0 0.6703125 0.165625 0.04921875 0.15078125
0 0.7296875 0.2 0.04921875 0.14609375
0 0.778125 0.21796875 0.0390625 0.140625
0 0.8125 0.259375 0.05 0.13359375
0 0.8765625 0.33515625 0.0671875 0.1546875
0 0.965625 0.49921875 0.06796875 0.15234375
0 0.07578125 0.2671875 0.08046875 0.10078125
0 0.709375 0.10859375 0.03984375 0.09765625