0 0.9296875 0.74140625 0.11796875 0.29140625
0 0.9625 0.728125 0.075 0.21875
0 0.72421875 0.56171875 0.0921875 0.26875
0 0.79140625 0.8125 0.06328125 0.2296875
0 0.7453125 0.78359375 0.0734375 0.1953125
0 0.70703125 0.81328125 0.06796875 0.24453125
0 0.815625 0.9328125 0.03203125 0.078125
0 0.60234375 0.64375 0.06171875 0.28203125
0 0.5390625 0.6046875 0.06640625 0.24296875
0 0.41015625 0.26796875 0.096875 0.209375
0 0.60859375 0.08515625 0.071875 0.15234375
0 0.65546875 0.15 0.0625 0.15625
0 0.36328125 0.08203125 0.11953125 0.159375
0 0.2953125 0.37421875 0.096875 0.23828125
0 0.465625 0.83125 0.08671875 0.271875
0 0.50390625 0.865625 0.0640625 0.23671875