0 0.7640625 0.2796875 0.0359375 0.15234375
0 0.86796875 0.0609375 0.04296875 0.121875
0 0.5515625 0.0625 0.04140625 0.125
0 0.50234375 0.4484375 0.03203125 0.134375
0 0.29609375 0.43046875 0.0296875 0.14296875
0 0.4625 0.61171875 0.02109375 0.07578125
0 0.4484375 0.63828125 0.015625 0.05078125
0 0.378125 0.6640625 0.01640625 0.08359375
0 0.2859375 0.5984375 0.021875 0.08984375
0 0.7203125 0.59140625 0.021875 0.09453125
0 0.6078125 0.625 0.025 0.1015625
0 0.57734375 0.696875 0.01796875 0.08671875
0 0.42734375 0.84296875 0.015625 0.06328125
0 0.27265625 0.81796875 0.01484375 0.0625
0 0.2484375 0.79921875 0.01484375 0.07265625