0 0.59375 0.490625 0.040625 0.17734375
0 0.5046875 0.6265625 0.05546875 0.178125
0 0.4390625 0.6890625 0.04296875 0.1875
0 0.17890625 0.69765625 0.0515625 0.19296875
0 0.23671875 0.87265625 0.053125 0.1625
0 0.96171875 0.7015625 0.0625 0.209375
0 0.8171875 0.49296875 0.03125 0.16953125
0 0.7859375 0.52109375 0.03515625 0.1625
0 0.775 0.459375 0.01484375 0.0484375
0 0.74921875 0.5046875 0.04296875 0.13671875
0 0.9078125 0.28203125 0.053125 0.15078125
0 0.96796875 0.17734375 0.04765625 0.1234375
0 0.60625 0.1921875 0.034375 0.14375
0 0.5015625 0.19453125 0.03671875 0.1390625
0 0.46796875 0.1953125 0.02734375 0.1234375
0 0.53359375 0.059375 0.0296875 0.1046875
0 0.5046875 0.053125 0.025 0.10625
0 0.4828125 0.096875 0.02578125 0.1046875
0 0.44921875 0.13046875 0.02578125 0.11171875
0 0.45 0.04921875 0.0265625 0.09609375
0 0.41328125 0.0359375 0.01875 0.06875
0 0.3296875 0.10390625 0.028125 0.1328125
0 0.27265625 0.08359375 0.02421875 0.13125
0 0.15625 0.09140625 0.02734375 0.11640625
0 0.12890625 0.08203125 0.01796875 0.10703125
0 0.09296875 0.05859375 0.02890625 0.1125
0 0.06171875 0.05625 0.02578125 0.10859375
0 0.0359375 0.0765625 0.02890625 0.0609375
0 0.034375 0.1765625 0.0296875 0.14375