0 0.253125 0.12421875 0.03359375 0.075
0 0.3296875 0.334375 0.03046875 0.075
0 0.303125 0.47109375 0.03046875 0.08828125
0 0.4015625 0.80078125 0.01796875 0.06328125
0 0.52109375 0.83828125 0.021875 0.06171875
0 0.4375 0.47109375 0.0234375 0.0765625
0 0.46796875 0.471875 0.01875 0.04765625
0 0.54453125 0.34296875 0.05390625 0.1234375
0 0.5640625 0.4109375 0.02421875 0.09609375
0 0.6140625 0.40078125 0.025 0.078125
0 0.56640625 0.57421875 0.025 0.0609375
0 0.5640625 0.61953125 0.0140625 0.04765625
0 0.68125 0.5546875 0.021875 0.08203125
0 0.7296875 0.70625 0.01796875 0.07109375
0 0.77265625 0.584375 0.01796875 0.0671875