0 0.22578125 0.59921875 0.0296875 0.146875
0 0.24453125 0.55 0.02578125 0.11796875
0 0.27109375 0.42890625 0.02109375 0.09375
0 0.23828125 0.34921875 0.01484375 0.10546875
0 0.290625 0.27265625 0.021875 0.07734375
0 0.390625 0.3046875 0.01484375 0.07578125
0 0.3984375 0.25 0.015625 0.05546875
0 0.515625 0.34375 0.01875 0.10859375
0 0.59375 0.24140625 0.01484375 0.08359375
0 0.6984375 0.29140625 0.02109375 0.0953125
0 0.77734375 0.51953125 0.025 0.1171875
0 0.69296875 0.15859375 0.01484375 0.07578125