0 0.2921875 0.55 0.02890625 0.140625
0 0.13984375 0.8734375 0.03984375 0.14921875
0 0.4484375 0.915625 0.04140625 0.15859375
0 0.496875 0.5078125 0.02421875 0.1296875
0 0.33515625 0.28671875 0.02109375 0.0859375
0 0.38046875 0.296875 0.02109375 0.065625
0 0.465625 0.2453125 0.01796875 0.07734375
0 0.61953125 0.30859375 0.01796875 0.09375
0 0.65703125 0.3640625 0.0234375 0.09765625
0 0.68515625 0.31875 0.02890625 0.07109375
0 0.70859375 0.5328125 0.02890625 0.12421875
0 0.76171875 0.3296875 0.01796875 0.09296875