0 0.56328125 0.921875 0.028125 0.06015625
0 0.534375 0.92890625 0.02734375 0.06640625
0 0.490625 0.93203125 0.028125 0.06015625
0 0.684375 0.3921875 0.03125 0.09921875
0 0.6359375 0.45 0.04296875 0.08359375
0 0.5953125 0.28671875 0.03203125 0.06875
0 0.67890625 0.26484375 0.0390625 0.0921875
0 0.68828125 0.08203125 0.03828125 0.09765625
0 0.675 0.16796875 0.03671875 0.0671875
0 0.5984375 0.15078125 0.028125 0.0828125
0 0.4859375 0.521875 0.0265625 0.0859375
0 0.46640625 0.1703125 0.03828125 0.075
0 0.40234375 0.528125 0.01796875 0.08515625
0 0.35390625 0.25546875 0.0328125 0.07109375
0 0.275 0.49921875 0.0453125 0.08828125
0 0.26328125 0.34765625 0.0375 0.06640625
0 0.19453125 0.49296875 0.03671875 0.10078125
0 0.184375 0.37109375 0.05 0.08203125
0 0.2078125 0.190625 0.05 0.08671875
0 0.0703125 0.32421875 0.05390625 0.084375