0 0.07578125 0.67109375 0.06640625 0.13984375
0 0.0421875 0.63515625 0.0421875 0.16015625
0 0.1109375 0.47109375 0.065625 0.14765625
0 0.28359375 0.39453125 0.0453125 0.1390625
0 0.203125 0.37421875 0.046875 0.13984375
0 0.2765625 0.55546875 0.046875 0.128125
0 0.26953125 0.615625 0.0390625 0.121875
0 0.28046875 0.68671875 0.06171875 0.11640625
0 0.403125 0.48125 0.04140625 0.12421875
0 0.4109375 0.26328125 0.04921875 0.1234375
0 0.4640625 0.3671875 0.04609375 0.12421875
0 0.56015625 0.1140625 0.04140625 0.125
0 0.696875 0.0875 0.06015625 0.1203125
0 0.8515625 0.12421875 0.046875 0.11640625
0 0.82890625 0.225 0.0296875 0.11875
0 0.7328125 0.19609375 0.03046875 0.1203125
0 0.74609375 0.24375 0.03984375 0.11953125
0 0.76796875 0.28203125 0.05546875 0.12109375
0 0.63125 0.30078125 0.04296875 0.11484375
0 0.5546875 0.66171875 0.06171875 0.10703125
0 0.575 0.7265625 0.0609375 0.10390625
0 0.9765625 0.496875 0.04296875 0.1296875
0 0.86171875 0.62421875 0.0578125 0.1125
0 0.91484375 0.58828125 0.0421875 0.10859375
0 0.95546875 0.63359375 0.03203125 0.103125
0 0.7953125 0.62109375 0.05390625 0.1109375
0 0.74375 0.590625 0.0421875 0.1109375
0 0.7109375 0.53203125 0.034375 0.1125
0 0.690625 0.43203125 0.04765625 0.09921875
0 0.77890625 0.38046875 0.03203125 0.10546875
0 0.81484375 0.409375 0.028125 0.090625
0 0.840625 0.46484375 0.02109375 0.11171875
0 0.80703125 0.52421875 0.06484375 0.1171875
0 0.9078125 0.40078125 0.03125 0.115625
0 0.6328125 0.41796875 0.0390625 0.11484375
0 0.56796875 0.46328125 0.06328125 0.1171875
0 0.515625 0.32109375 0.04375 0.0984375
0 0.54453125 0.35078125 0.0453125 0.11015625