0 0.115625 0.41875 0.02734375 0.09921875
0 0.1546875 0.31796875 0.0171875 0.0890625
0 0.18671875 0.29921875 0.0171875 0.08515625
0 0.26171875 0.628125 0.028125 0.1046875
0 0.32109375 0.484375 0.02109375 0.09609375
0 0.28359375 0.40859375 0.021875 0.0875
0 0.2765625 0.3171875 0.0171875 0.06953125
0 0.271875 0.25234375 0.015625 0.05703125
0 0.31875 0.13984375 0.015625 0.07421875
0 0.42890625 0.665625 0.021875 0.09296875
0 0.48359375 0.51328125 0.021875 0.11484375
0 0.50234375 0.3265625 0.01953125 0.07890625
0 0.84765625 0.51015625 0.0265625 0.11171875
0 0.6765625 0.21015625 0.01328125 0.0859375
0 0.7734375 0.26640625 0.01875 0.08125