0 0.75703125 0.44921875 0.01796875 0.04296875
0 0.775 0.46328125 0.01875 0.03359375
0 0.790625 0.45859375 0.0234375 0.04140625
0 0.74765625 0.37265625 0.0234375 0.04375
0 0.77890625 0.3 0.0171875 0.053125
0 0.58203125 0.46640625 0.01171875 0.028125
0 0.6 0.4515625 0.0203125 0.034375
0 0.59453125 0.4828125 0.0140625 0.025
0 0.63203125 0.5609375 0.01328125 0.0375
0 0.64453125 0.58984375 0.02265625 0.02265625
0 0.6359375 0.64609375 0.01953125 0.04140625
0 0.63515625 0.61015625 0.01640625 0.0328125
0 0.65234375 0.64296875 0.0171875 0.03984375
0 0.515625 0.50625 0.01484375 0.0265625
0 0.396875 0.5578125 0.0171875 0.03359375
0 0.39453125 0.615625 0.01875 0.0359375
0 0.421875 0.51015625 0.0125 0.025
0 0.459375 0.325 0.01328125 0.0375
0 0.35625 0.33203125 0.01796875 0.03515625
0 0.2296875 0.34453125 0.01953125 0.0375
0 0.21875 0.396875 0.015625 0.03671875
0 0.23515625 0.3984375 0.01171875 0.0265625
0 0.0234375 0.43203125 0.03359375 0.02890625
0 0.1140625 0.52265625 0.03046875 0.0484375
0 0.0140625 0.721875 0.01796875 0.03359375
0 0.0328125 0.7203125 0.0265625 0.0359375
0 0.10234375 0.73359375 0.01953125 0.034375
0 0.27578125 0.72578125 0.025 0.03828125
0 0.25 0.88203125 0.02265625 0.028125
0 0.7328125 0.8046875 0.0171875 0.03359375
0 0.1265625 0.93671875 0.0296875 0.0484375