0 0.22578125 0.40078125 0.0296875 0.146875
0 0.24453125 0.45 0.02578125 0.11796875
0 0.27109375 0.57109375 0.02109375 0.09375
0 0.23828125 0.65078125 0.01484375 0.10546875
0 0.290625 0.72734375 0.021875 0.07734375
0 0.390625 0.6953125 0.01484375 0.07578125
0 0.3984375 0.75 0.015625 0.05546875
0 0.515625 0.65625 0.01875 0.10859375
0 0.59375 0.75859375 0.01484375 0.08359375
0 0.6984375 0.70859375 0.02109375 0.0953125
0 0.77734375 0.48046875 0.025 0.1171875
0 0.69296875 0.84140625 0.01484375 0.07578125