0 0.565625 0.4625 0.0859375 0.24921875
0 0.46796875 0.34453125 0.05234375 0.171875
0 0.7453125 0.71328125 0.07265625 0.246875
0 0.725 0.77578125 0.0703125 0.22890625
0 0.59609375 0.703125 0.0625 0.2
0 0.54609375 0.61484375 0.0734375 0.23359375
0 0.51328125 0.72265625 0.06015625 0.2078125
0 0.38671875 0.3578125 0.0625 0.23984375
0 0.40859375 0.478125 0.07890625 0.18203125
0 0.33046875 0.6078125 0.084375 0.228125
0 0.3046875 0.26171875 0.096875 0.20625
0 0.3546875 0.0671875 0.109375 0.134375
0 0.23203125 0.17109375 0.1359375 0.21640625
0 0.2203125 0.52265625 0.0953125 0.25546875
0 0.1578125 0.640625 0.06328125 0.15078125
0 0.1546875 0.8515625 0.0734375 0.21171875