0 0.3296875 0.28515625 0.0265625 0.10078125
0 0.45078125 0.2984375 0.02421875 0.0828125
0 0.496875 0.45390625 0.02265625 0.08046875
0 0.575 0.7953125 0.01953125 0.065625
0 0.559375 0.60078125 0.03671875 0.07265625
0 0.56171875 0.37578125 0.02734375 0.109375
0 0.6296875 0.4875 0.0265625 0.078125
0 0.57265625 0.23828125 0.025 0.08125
0 0.60546875 0.28984375 0.0234375 0.08671875
0 0.62734375 0.371875 0.03828125 0.0796875
0 0.64921875 0.3671875 0.01953125 0.109375
0 0.62109375 0.18984375 0.034375 0.078125
0 0.69140625 0.7671875 0.028125 0.06953125
0 0.753125 0.425 0.025 0.07265625
0 0.83125 0.61484375 0.0171875 0.05234375
0 0.85703125 0.2828125 0.0375 0.07890625
0 0.521875 0.96015625 0.01484375 0.04453125
0 0.60546875 0.9296875 0.01484375 0.06640625
0 0.80078125 0.89765625 0.01953125 0.06875