0 0.79375 0.72265625 0.10546875 0.2484375
0 0.9578125 0.6390625 0.08359375 0.246875
0 0.86640625 0.27265625 0.0890625 0.184375
0 0.80703125 0.32265625 0.10078125 0.21484375
0 0.83984375 0.4609375 0.084375 0.11328125
0 0.53984375 0.75859375 0.05546875 0.27578125
0 0.503125 0.81640625 0.046875 0.246875
0 0.6203125 0.4828125 0.08046875 0.2078125
0 0.55 0.31171875 0.09140625 0.25234375
0 0.49375 0.153125 0.0734375 0.18046875
0 0.46015625 0.10234375 0.08828125 0.20390625
0 0.35859375 0.06171875 0.10078125 0.1234375
0 0.1421875 0.40859375 0.1390625 0.20546875
0 0.12578125 0.2796875 0.1390625 0.2171875
0 0.28125 0.9234375 0.075 0.15234375
0 0.08203125 0.88984375 0.1046875 0.21484375