0 0.0703125 0.25859375 0.11796875 0.29140625
0 0.0375 0.271875 0.075 0.21875
0 0.27578125 0.43828125 0.0921875 0.26875
0 0.20859375 0.1875 0.06328125 0.2296875
0 0.2546875 0.21640625 0.0734375 0.1953125
0 0.29296875 0.18671875 0.06796875 0.24453125
0 0.184375 0.0671875 0.03203125 0.078125
0 0.39765625 0.35625 0.06171875 0.28203125
0 0.4609375 0.3953125 0.06640625 0.24296875
0 0.58984375 0.73203125 0.096875 0.209375
0 0.39140625 0.91484375 0.071875 0.15234375
0 0.34453125 0.85 0.0625 0.15625
0 0.63671875 0.91796875 0.11953125 0.159375
0 0.7046875 0.62578125 0.096875 0.23828125
0 0.534375 0.16875 0.08671875 0.271875
0 0.49609375 0.134375 0.0640625 0.23671875