0 0.77421875 0.35546875 0.07421875 0.140625
0 0.80078125 0.20703125 0.0609375 0.14453125
0 0.71015625 0.25546875 0.05078125 0.17421875
0 0.6265625 0.09921875 0.06171875 0.1765625
0 0.56953125 0.05390625 0.04921875 0.10703125
0 0.5625 0.13984375 0.059375 0.09453125
0 0.50703125 0.153125 0.05625 0.20703125
0 0.43671875 0.103125 0.05078125 0.15859375
0 0.43828125 0.0265625 0.03203125 0.053125
0 0.3890625 0.04453125 0.06171875 0.0890625
0 0.35546875 0.1171875 0.0453125 0.234375
0 0.309375 0.103125 0.04375 0.20546875
0 0.3109375 0.246875 0.0421875 0.10234375
0 0.3015625 0.32890625 0.0359375 0.1
0 0.24375 0.44296875 0.06484375 0.196875
0 0.35546875 0.2953125 0.04296875 0.17265625
0 0.31640625 0.40859375 0.03359375 0.084375
0 0.2859375 0.4390625 0.0421875 0.14453125
0 0.3984375 0.315625 0.053125 0.15
0 0.39453125 0.171875 0.03671875 0.1375
0 0.46328125 0.39296875 0.04296875 0.1828125
0 0.46171875 0.51875 0.04453125 0.078125
0 0.60234375 0.38828125 0.03671875 0.14765625
0 0.559375 0.40703125 0.02734375 0.1296875
0 0.51171875 0.45625 0.046875 0.2203125
0 0.5296875 0.32890625 0.05546875 0.146875
0 0.62890625 0.2375 0.05 0.11640625
0 0.71328125 0.40859375 0.0328125 0.13203125
0 0.68671875 0.37421875 0.0359375 0.0890625
0 0.6765625 0.4640625 0.04296875 0.09453125
0 0.68671875 0.5359375 0.0328125 0.0796875
0 0.625 0.37578125 0.0484375 0.09296875
0 0.63671875 0.44453125 0.03671875 0.08203125
0 0.54765625 0.71875 0.0328125 0.153125
0 0.61015625 0.48828125 0.0234375 0.06953125
0 0.5671875 0.51875 0.02890625 0.08203125
0 0.58046875 0.575 0.01953125 0.07578125
0 0.5578125 0.61171875 0.02734375 0.090625
0 0.52890625 0.61875 0.02265625 0.06328125
0 0.678125 0.65234375 0.040625 0.2171875
0 0.6453125 0.56953125 0.02578125 0.07265625
0 0.6234375 0.52578125 0.02734375 0.07734375
0 0.61875 0.6734375 0.03203125 0.1515625
0 0.58359375 0.63984375 0.0296875 0.065625
0 0.76015625 0.7421875 0.03125 0.12578125
0 0.72421875 0.67734375 0.04453125 0.20390625
0 0.73359375 0.80546875 0.0296875 0.078125
0 0.66875 0.7859375 0.02421875 0.065625
0 0.653125 0.83828125 0.0390625 0.11796875
0 0.640625 0.76640625 0.02421875 0.0546875
0 0.60859375 0.8078125 0.0328125 0.19765625
0 0.58828125 0.8296875 0.02890625 0.178125
0 0.31875 0.8453125 0.03515625 0.2203125
0 0.51953125 0.80859375 0.02734375 0.1875
0 0.503125 0.85 0.0265625 0.178125
0 0.484375 0.8546875 0.025 0.18359375
0 0.46328125 0.86953125 0.02265625 0.13984375
0 0.45 0.746875 0.0453125 0.1390625
0 0.41328125 0.75 0.02890625 0.0859375
0 0.396875 0.60234375 0.03671875 0.20546875
0 0.38359375 0.71796875 0.03203125 0.1140625
0 0.434375 0.8390625 0.02734375 0.08515625
0 0.41640625 0.87265625 0.03046875 0.10078125