0 0.65390625 0.81328125 0.06015625 0.0890625
0 0.825 0.81015625 0.10625 0.07421875
0 0.77890625 0.753125 0.0890625 0.09453125
0 0.81796875 0.8796875 0.103125 0.11171875
0 0.9375 0.89375 0.11875 0.12578125
0 0.95 0.79921875 0.09921875 0.11171875
0 0.940625 0.66171875 0.0625 0.0578125
0 0.88203125 0.65078125 0.07578125 0.059375
0 0.89375 0.73125 0.09609375 0.05859375
0 0.81171875 0.40703125 0.0796875 0.065625
0 0.80234375 0.51171875 0.06328125 0.0296875
0 0.7453125 0.49140625 0.0578125 0.065625
0 0.928125 0.4171875 0.0859375 0.06953125
0 0.8828125 0.54921875 0.084375 0.065625
0 0.946875 0.55234375 0.0609375 0.059375
0 0.590625 0.49453125 0.0609375 0.071875
0 0.6078125 0.39140625 0.04921875 0.08515625
0 0.93125 0.2828125 0.12109375 0.12578125
0 0.75 0.24375 0.08125 0.10390625
0 0.88515625 0.1359375 0.125 0.13515625
0 0.60546875 0.14609375 0.0546875 0.10625
0 0.7359375 0.09140625 0.06171875 0.12890625
0 0.4546875 0.48671875 0.06171875 0.0828125
0 0.38359375 0.52421875 0.0609375 0.06953125
0 0.42578125 0.384375 0.06640625 0.09453125
0 0.33984375 0.40625 0.06640625 0.059375
0 0.31640625 0.29609375 0.07265625 0.09375
0 0.40546875 0.740625 0.05078125 0.0734375
0 0.28828125 0.7 0.07265625 0.08046875
0 0.2390625 0.56640625 0.08046875 0.10078125
0 0.2734375 0.43203125 0.07109375 0.078125
0 0.12421875 0.42265625 0.1625 0.125
0 0.4953125 0.17109375 0.04296875 0.10078125
0 0.0984375 0.53515625 0.17109375 0.0640625
0 0.12421875 0.7609375 0.1765625 0.103125
0 0.39609375 0.9140625 0.06953125 0.13359375
0 0.70546875 0.6359375 0.08515625 0.07734375