0 0.63515625 0.359375 0.0203125 0.08984375
0 0.54921875 0.29140625 0.03203125 0.07890625
0 0.42890625 0.36640625 0.03984375 0.07734375
0 0.4140625 0.2828125 0.02578125 0.08125
0 0.3734375 0.24921875 0.03515625 0.0796875
0 0.45625 0.553125 0.02421875 0.0734375
0 0.41953125 0.575 0.03515625 0.08046875
0 0.396875 0.596875 0.0203125 0.07890625
0 0.4 0.7546875 0.01953125 0.06875
0 0.39609375 0.9453125 0.0171875 0.0578125
0 0.3515625 0.75859375 0.02578125 0.065625
0 0.3140625 0.62109375 0.028125 0.08046875
0 0.22421875 0.33828125 0.03984375 0.07734375
0 0.18828125 0.2734375 0.04140625 0.07265625
0 0.14296875 0.2328125 0.034375 0.06171875
0 0.18828125 0.890625 0.01796875 0.0515625
0 0.25 0.9453125 0.01171875 0.0390625
0 0.240625 0.93046875 0.0140625 0.04609375