0 0.11484375 0.3984375 0.0375 0.2890625
0 0.15859375 0.60859375 0.09453125 0.4953125
0 0.2375 0.43515625 0.11328125 0.27109375
0 0.23515625 0.65625 0.08984375 0.19140625
0 0.2609375 0.8640625 0.09375 0.2609375
0 0.184375 0.25234375 0.08125 0.18671875
0 0.246875 0.2203125 0.08515625 0.2359375
0 0.303125 0.15625 0.12578125 0.3125
0 0.33515625 0.4375 0.07421875 0.37890625
0 0.40859375 0.52890625 0.08984375 0.2578125
0 0.384375 0.72890625 0.0828125 0.25
0 0.37421875 0.88359375 0.078125 0.2125
0 0.4046875 0.225 0.08828125 0.38359375
0 0.47890625 0.16875 0.0640625 0.26640625
0 0.5 0.37109375 0.075 0.371875
0 0.5671875 0.1296875 0.06171875 0.159375
0 0.56953125 0.38359375 0.071875 0.3890625
0 0.65234375 0.2171875 0.08046875 0.32109375
0 0.571875 0.69765625 0.09296875 0.27109375
0 0.6390625 0.50390625 0.07109375 0.31171875
0 0.73359375 0.32890625 0.09921875 0.2484375
0 0.73359375 0.5234375 0.08984375 0.209375
0 0.696875 0.71171875 0.08125 0.1984375
0 0.7390625 0.8828125 0.103125 0.234375
0 0.83203125 0.78984375 0.08984375 0.4203125
0 0.4890625 0.96171875 0.07734375 0.0765625
0 0.603125 0.93984375 0.10546875 0.11953125
0 0.1421875 0.8703125 0.08671875 0.25859375