0 0.58125 0.540625 0.01796875 0.05703125
0 0.58203125 0.45234375 0.0203125 0.05546875
0 0.55390625 0.44921875 0.02109375 0.05
0 0.53515625 0.540625 0.0203125 0.05234375
0 0.52890625 0.45390625 0.01875 0.05546875
0 0.51953125 0.5375 0.01484375 0.065625
0 0.50625 0.55625 0.0140625 0.065625
0 0.50859375 0.459375 0.01640625 0.05234375
0 0.4921875 0.3703125 0.01328125 0.059375
0 0.47890625 0.459375 0.02109375 0.05625
0 0.47578125 0.3734375 0.01640625 0.046875
0 0.45234375 0.46171875 0.02109375 0.06171875
0 0.44921875 0.384375 0.021875 0.05
0 0.421875 0.459375 0.01796875 0.05625
0 0.4234375 0.384375 0.01484375 0.05
0 0.459375 0.64453125 0.025 0.05234375
0 0.4125 0.7078125 0.01875 0.05859375
0 0.4046875 0.63828125 0.02109375 0.05390625
0 0.4125 0.56328125 0.0140625 0.0515625
0 0.4 0.46796875 0.01953125 0.05
0 0.40078125 0.384375 0.01875 0.05
0 0.37578125 0.46484375 0.01875 0.04921875
0 0.3765625 0.38046875 0.02109375 0.0609375
0 0.35 0.465625 0.02421875 0.046875
0 0.35703125 0.396875 0.01484375 0.04765625
0 0.33671875 0.40078125 0.021875 0.046875
0 0.60703125 0.2703125 0.0234375 0.053125
0 0.59453125 0.36953125 0.02265625 0.053125
0 0.5875 0.2703125 0.01953125 0.05859375
0 0.57890625 0.36171875 0.01484375 0.046875
0 0.565625 0.26953125 0.02265625 0.0609375
0 0.55234375 0.36875 0.01953125 0.0515625
0 0.5375 0.36796875 0.02109375 0.05390625
0 0.5453125 0.27578125 0.015625 0.05546875
0 0.51953125 0.28046875 0.0203125 0.06484375
0 0.5140625 0.378125 0.015625 0.05546875
0 0.490625 0.28515625 0.01796875 0.05546875
0 0.4640625 0.29765625 0.01640625 0.03828125
0 0.4390625 0.29375 0.015625 0.0453125
0 0.42109375 0.2953125 0.0140625 0.04765625
0 0.3953125 0.3 0.0125 0.0484375
0 0.37578125 0.3140625 0.01796875 0.04921875
0 0.353125 0.31796875 0.0203125 0.06484375
0 0.32109375 0.31953125 0.01953125 0.05
0 0.303125 0.325 0.01640625 0.046875
0 0.371875 0.70078125 0.0203125 0.05390625
0 0.359375 0.6453125 0.01875 0.05390625
0 0.33203125 0.5578125 0.02109375 0.0546875
0 0.33671875 0.7140625 0.01796875 0.046875
0 0.3140625 0.65 0.0171875 0.06328125
0 0.309375 0.56640625 0.01796875 0.04453125
0 0.28125 0.4828125 0.01640625 0.06171875
0 0.2859375 0.41328125 0.02109375 0.04375
0 0.28203125 0.325 0.01953125 0.0609375
0 0.26484375 0.41484375 0.02109375 0.0515625
0 0.2609375 0.3265625 0.01484375 0.0546875
0 0.24921875 0.3140625 0.01796875 0.04296875
0 0.25234375 0.5859375 0.015625 0.05078125
0 0.2578125 0.5046875 0.021875 0.0359375
0 0.23359375 0.49375 0.021875 0.046875
0 0.2265625 0.42421875 0.021875 0.05546875
0 0.22578125 0.34296875 0.025 0.05546875
0 0.51015625 0.65234375 0.01953125 0.05859375
0 0.48515625 0.5515625 0.01953125 0.04609375
0 0.43125 0.5609375 0.01796875 0.05234375
0 0.35625 0.56953125 0.025 0.05
0 0.32734375 0.48046875 0.0203125 0.0578125