0 0.32421875 0.225 0.04375 0.075
0 0.27578125 0.28203125 0.046875 0.0953125
0 0.13359375 0.3359375 0.06796875 0.06875
0 0.18984375 0.16484375 0.053125 0.07265625
0 0.18046875 0.065625 0.04140625 0.0703125
0 0.21328125 0.096875 0.04296875 0.07421875
0 0.03515625 0.0546875 0.05859375 0.08046875
0 0.03125 0.1234375 0.05625 0.08125
0 0.08984375 0.028125 0.059375 0.05546875
0 0.4265625 0.40546875 0.059375 0.096875
0 0.48359375 0.4125 0.06015625 0.1
0 0.6109375 0.53125 0.0640625 0.11953125
0 0.65859375 0.46328125 0.05390625 0.1078125
0 0.60546875 0.2625 0.04765625 0.09765625
0 0.59453125 0.33046875 0.03671875 0.08046875
0 0.58984375 0.37890625 0.03984375 0.05625
0 0.709375 0.26328125 0.0765625 0.09296875
0 0.7546875 0.15703125 0.0625 0.10390625
0 0.978125 0.08984375 0.04375 0.08359375
0 0.3796875 0.49375 0.053125 0.09296875
0 0.134375 0.6546875 0.06171875 0.13046875
0 0.1796875 0.69375 0.05625 0.12109375
0 0.22890625 0.7328125 0.065625 0.1171875
0 0.29765625 0.79453125 0.0484375 0.1328125
0 0.3421875 0.81796875 0.06328125 0.14296875
0 0.446875 0.84453125 0.04921875 0.121875
0 0.5765625 0.86015625 0.046875 0.1359375
0 0.63046875 0.85078125 0.03984375 0.15390625
0 0.6703125 0.834375 0.04921875 0.15078125
0 0.7296875 0.8 0.04921875 0.14609375
0 0.778125 0.78203125 0.0390625 0.140625
0 0.8125 0.740625 0.05 0.13359375
0 0.8765625 0.66484375 0.0671875 0.1546875
0 0.965625 0.50078125 0.06796875 0.15234375
0 0.07578125 0.7328125 0.08046875 0.10078125
0 0.709375 0.89140625 0.03984375 0.09765625