0 0.28125 0.81328125 0.0265625 0.096875
0 0.46796875 0.703125 0.03046875 0.109375
0 0.4375 0.49375 0.0375 0.10234375
0 0.521875 0.6 0.03515625 0.11171875
0 0.5515625 0.7546875 0.03984375 0.12421875
0 0.6234375 0.95703125 0.025 0.08515625
0 0.66171875 0.83203125 0.02890625 0.121875
0 0.603125 0.63203125 0.05 0.11484375
0 0.63125 0.5125 0.03984375 0.10234375
0 0.6796875 0.5328125 0.03828125 0.1203125
0 0.83984375 0.65 0.0359375 0.1
0 0.96953125 0.709375 0.0359375 0.1078125
0 0.93203125 0.39765625 0.021875 0.10078125
0 0.7234375 0.15 0.02734375 0.09609375
0 0.58046875 0.11796875 0.02265625 0.078125
0 0.64375 0.72421875 0.0375 0.07734375