0 0.765625 0.6125 0.0125 0.03984375
0 0.7609375 0.65859375 0.01328125 0.06484375
0 0.7671875 0.64765625 0.01640625 0.03671875
0 0.73203125 0.65546875 0.015625 0.0515625
0 0.51015625 0.58046875 0.02109375 0.05
0 0.478125 0.5734375 0.03828125 0.06328125
0 0.45 0.62578125 0.01328125 0.046875
0 0.3984375 0.64140625 0.02265625 0.04453125
0 0.53359375 0.3890625 0.02578125 0.0796875
0 0.478125 0.35 0.03984375 0.0828125
0 0.4265625 0.2171875 0.0296875 0.075
0 0.39375 0.4171875 0.025 0.06953125
0 0.3625 0.340625 0.03046875 0.07265625
0 0.365625 0.19375 0.04609375 0.08125