0 0.55546875 0.8 0.025 0.05703125
0 0.48046875 0.79921875 0.01953125 0.06953125
0 0.575 0.96796875 0.03671875 0.0640625
0 0.73515625 0.95390625 0.034375 0.0453125
0 0.6875 0.92578125 0.02890625 0.04140625
0 0.65234375 0.84609375 0.02578125 0.0671875
0 0.628125 0.8796875 0.034375 0.05546875
0 0.7484375 0.71171875 0.028125 0.06171875
0 0.71796875 0.6953125 0.034375 0.046875
0 0.67265625 0.684375 0.02890625 0.0390625
0 0.646875 0.66640625 0.02890625 0.0453125
0 0.68046875 0.6453125 0.0203125 0.03515625
0 0.66796875 0.590625 0.0265625 0.0453125
0 0.6359375 0.54765625 0.03125 0.04296875
0 0.6203125 0.59609375 0.0171875 0.05703125
0 0.6 0.58203125 0.02265625 0.04765625
0 0.57890625 0.5171875 0.02109375 0.04296875
0 0.578125 0.47734375 0.01796875 0.05
0 0.6296875 0.4390625 0.02109375 0.07109375
0 0.60625 0.4296875 0.02265625 0.0625
0 0.63359375 0.390625 0.01796875 0.0484375
0 0.55390625 0.41953125 0.01484375 0.05078125
0 0.49296875 0.5546875 0.021875 0.0578125
0 0.48828125 0.51328125 0.0265625 0.0625
0 0.7796875 0.82578125 0.03359375 0.0390625
0 0.51484375 0.471875 0.0140625 0.04921875