0 0.50234375 0.41796875 0.0546875 0.24140625
0 0.4453125 0.4421875 0.0546875 0.221875
0 0.38515625 0.446875 0.05 0.25078125
0 0.34921875 0.378125 0.02265625 0.15859375
0 0.28125 0.4359375 0.065625 0.25
0 0.33359375 0.48125 0.04765625 0.2203125
0 0.3671875 0.59453125 0.0375 0.178125
0 0.390625 0.571875 0.040625 0.10390625
0 0.42421875 0.56953125 0.040625 0.20703125
0 0.48671875 0.55390625 0.0453125 0.18515625
0 0.4984375 0.53203125 0.03984375 0.1171875
0 0.53203125 0.54453125 0.03671875 0.178125
0 0.54453125 0.47578125 0.04921875 0.20859375
0 0.565625 0.42734375 0.04921875 0.24140625
0 0.678125 0.51875 0.04140625 0.23828125
0 0.6359375 0.503125 0.05625 0.23125
0 0.66796875 0.62265625 0.03125 0.18984375
0 0.590625 0.5125 0.03671875 0.19921875
0 0.58359375 0.60078125 0.03515625 0.11875
0 0.14140625 0.290625 0.03828125 0.1765625
0 0.203125 0.221875 0.0625 0.2296875
0 0.3046875 0.13125 0.04765625 0.2625
0 0.25234375 0.0625 0.03671875 0.12421875
0 0.1515625 0.1078125 0.059375 0.215625
0 0.6234375 0.0828125 0.05078125 0.16484375
0 0.72578125 0.09765625 0.0640625 0.1953125
0 0.7875 0.0859375 0.05625 0.171875
0 0.87421875 0.3875 0.053125 0.2703125
0 0.8546875 0.08359375 0.0625 0.1671875