0 0.2734375 0.43203125 0.084375 0.2515625
0 0.39375 0.34453125 0.05859375 0.28359375
0 0.453125 0.39453125 0.0625 0.25625
0 0.50234375 0.12265625 0.0671875 0.22421875
0 0.540625 0.17265625 0.08984375 0.28046875
0 0.7125 0.63203125 0.0921875 0.2359375
0 0.603125 0.746875 0.09453125 0.1921875
0 0.62890625 0.9203125 0.1078125 0.159375
0 0.38828125 0.91953125 0.06171875 0.1609375
0 0.340625 0.86875 0.06640625 0.1796875
0 0.2890625 0.18515625 0.06875 0.24609375
0 0.2484375 0.2140625 0.06328125 0.19140625
0 0.20078125 0.2 0.059375 0.24765625
0 0.16953125 0.0734375 0.0265625 0.078125
0 0.0625 0.25390625 0.11953125 0.29453125
0 0.03203125 0.29140625 0.06171875 0.19375