0 0.49296875 0.5015625 0.059375 0.23515625
0 0.29921875 0.65703125 0.08046875 0.23671875
0 0.22109375 0.67578125 0.05234375 0.125
0 0.284375 0.82890625 0.1125 0.20546875
0 0.23984375 0.93515625 0.1 0.1296875
0 0.121875 0.240625 0.0828125 0.25546875
0 0.171875 0.13125 0.0953125 0.2625
0 0.07265625 0.47421875 0.13828125 0.2484375
0 0.0484375 0.68515625 0.09375 0.2734375
0 0.27265625 0.5265625 0.0796875 0.12421875
0 0.4625 0.24765625 0.05625 0.26171875
0 0.503125 0.17734375 0.04765625 0.25390625
0 0.64609375 0.934375 0.1 0.13125
0 0.65390625 0.79296875 0.11328125 0.16640625
0 0.653125 0.684375 0.1125 0.2421875
0 0.73671875 0.08359375 0.0734375 0.15