0 0.6703125 0.28515625 0.0265625 0.10078125
0 0.54921875 0.2984375 0.02421875 0.0828125
0 0.503125 0.45390625 0.02265625 0.08046875
0 0.425 0.7953125 0.01953125 0.065625
0 0.440625 0.60078125 0.03671875 0.07265625
0 0.43828125 0.37578125 0.02734375 0.109375
0 0.3703125 0.4875 0.0265625 0.078125
0 0.42734375 0.23828125 0.025 0.08125
0 0.39453125 0.28984375 0.0234375 0.08671875
0 0.37265625 0.371875 0.03828125 0.0796875
0 0.35078125 0.3671875 0.01953125 0.109375
0 0.37890625 0.18984375 0.034375 0.078125
0 0.30859375 0.7671875 0.028125 0.06953125
0 0.246875 0.425 0.025 0.07265625
0 0.16875 0.61484375 0.0171875 0.05234375
0 0.14296875 0.2828125 0.0375 0.07890625
0 0.478125 0.96015625 0.01484375 0.04453125
0 0.39453125 0.9296875 0.01484375 0.06640625
0 0.19921875 0.89765625 0.01953125 0.06875