0 0.03203125 0.67890625 0.04375 0.06796875
0 0.021875 0.78359375 0.0390625 0.06640625
0 0.1890625 0.53828125 0.02109375 0.0609375
0 0.39453125 0.32265625 0.03125 0.090625
0 0.38359375 0.18828125 0.02421875 0.09765625
0 0.446875 0.18515625 0.028125 0.0875
0 0.49765625 0.09140625 0.02265625 0.0625
0 0.4671875 0.3234375 0.03515625 0.08515625
0 0.52265625 0.4390625 0.02734375 0.0859375
0 0.540625 0.29375 0.03125 0.08125
0 0.57578125 0.58203125 0.0328125 0.084375
0 0.41796875 0.9421875 0.0421875 0.0578125
0 0.38984375 0.646875 0.02578125 0.07890625
0 0.51953125 0.834375 0.04296875 0.0640625
0 0.6015625 0.81953125 0.0359375 0.06171875
0 0.653125 0.97578125 0.034375 0.0484375
0 0.88984375 0.6109375 0.0453125 0.08671875
0 0.9546875 0.74375 0.05546875 0.0890625