0 0.88515625 0.3984375 0.0375 0.2890625
0 0.84140625 0.60859375 0.09453125 0.4953125
0 0.7625 0.43515625 0.11328125 0.27109375
0 0.76484375 0.65625 0.08984375 0.19140625
0 0.7390625 0.8640625 0.09375 0.2609375
0 0.815625 0.25234375 0.08125 0.18671875
0 0.753125 0.2203125 0.08515625 0.2359375
0 0.696875 0.15625 0.12578125 0.3125
0 0.66484375 0.4375 0.07421875 0.37890625
0 0.59140625 0.52890625 0.08984375 0.2578125
0 0.615625 0.72890625 0.0828125 0.25
0 0.62578125 0.88359375 0.078125 0.2125
0 0.5953125 0.225 0.08828125 0.38359375
0 0.52109375 0.16875 0.0640625 0.26640625
0 0.5 0.37109375 0.075 0.371875
0 0.4328125 0.1296875 0.06171875 0.159375
0 0.43046875 0.38359375 0.071875 0.3890625
0 0.34765625 0.2171875 0.08046875 0.32109375
0 0.428125 0.69765625 0.09296875 0.27109375
0 0.3609375 0.50390625 0.07109375 0.31171875
0 0.26640625 0.32890625 0.09921875 0.2484375
0 0.26640625 0.5234375 0.08984375 0.209375
0 0.303125 0.71171875 0.08125 0.1984375
0 0.2609375 0.8828125 0.103125 0.234375
0 0.16796875 0.78984375 0.08984375 0.4203125
0 0.5109375 0.96171875 0.07734375 0.0765625
0 0.396875 0.93984375 0.10546875 0.11953125
0 0.8578125 0.8703125 0.08671875 0.25859375