0 0.16484375 0.71953125 0.0765625 0.2671875
0 0.065625 0.734375 0.09296875 0.27421875
0 0.03125 0.70078125 0.0625 0.21953125
0 0.24296875 0.72734375 0.06171875 0.23984375
0 0.26953125 0.7859375 0.06171875 0.23828125
0 0.47265625 0.58046875 0.10078125 0.234375
0 0.45 0.265625 0.071875 0.225
0 0.459375 0.41484375 0.065625 0.12109375
0 0.4890625 0.68359375 0.0625 0.29453125
0 0.6078125 0.71328125 0.06953125 0.2296875
0 0.690625 0.7125 0.071875 0.253125
0 0.684375 0.47265625 0.05390625 0.203125
0 0.60703125 0.06875 0.1078125 0.1375
0 0.78125 0.38671875 0.1109375 0.2140625
0 0.88046875 0.83359375 0.09609375 0.21953125
0 0.86484375 0.87578125 0.08046875 0.234375
0 0.77890625 0.578125 0.07265625 0.1375
0 0.734375 0.6828125 0.06171875 0.1953125