0 0.41875 0.540625 0.01796875 0.05703125
0 0.41796875 0.45234375 0.0203125 0.05546875
0 0.44609375 0.44921875 0.02109375 0.05
0 0.46484375 0.540625 0.0203125 0.05234375
0 0.47109375 0.45390625 0.01875 0.05546875
0 0.48046875 0.5375 0.01484375 0.065625
0 0.49375 0.55625 0.0140625 0.065625
0 0.49140625 0.459375 0.01640625 0.05234375
0 0.5078125 0.3703125 0.01328125 0.059375
0 0.52109375 0.459375 0.02109375 0.05625
0 0.52421875 0.3734375 0.01640625 0.046875
0 0.54765625 0.46171875 0.02109375 0.06171875
0 0.55078125 0.384375 0.021875 0.05
0 0.578125 0.459375 0.01796875 0.05625
0 0.5765625 0.384375 0.01484375 0.05
0 0.540625 0.64453125 0.025 0.05234375
0 0.5875 0.7078125 0.01875 0.05859375
0 0.5953125 0.63828125 0.02109375 0.05390625
0 0.5875 0.56328125 0.0140625 0.0515625
0 0.6 0.46796875 0.01953125 0.05
0 0.59921875 0.384375 0.01875 0.05
0 0.62421875 0.46484375 0.01875 0.04921875
0 0.6234375 0.38046875 0.02109375 0.0609375
0 0.65 0.465625 0.02421875 0.046875
0 0.64296875 0.396875 0.01484375 0.04765625
0 0.66328125 0.40078125 0.021875 0.046875
0 0.39296875 0.2703125 0.0234375 0.053125
0 0.40546875 0.36953125 0.02265625 0.053125
0 0.4125 0.2703125 0.01953125 0.05859375
0 0.42109375 0.36171875 0.01484375 0.046875
0 0.434375 0.26953125 0.02265625 0.0609375
0 0.44765625 0.36875 0.01953125 0.0515625
0 0.4625 0.36796875 0.02109375 0.05390625
0 0.4546875 0.27578125 0.015625 0.05546875
0 0.48046875 0.28046875 0.0203125 0.06484375
0 0.4859375 0.378125 0.015625 0.05546875
0 0.509375 0.28515625 0.01796875 0.05546875
0 0.5359375 0.29765625 0.01640625 0.03828125
0 0.5609375 0.29375 0.015625 0.0453125
0 0.57890625 0.2953125 0.0140625 0.04765625
0 0.6046875 0.3 0.0125 0.0484375
0 0.62421875 0.3140625 0.01796875 0.04921875
0 0.646875 0.31796875 0.0203125 0.06484375
0 0.67890625 0.31953125 0.01953125 0.05
0 0.696875 0.325 0.01640625 0.046875
0 0.628125 0.70078125 0.0203125 0.05390625
0 0.640625 0.6453125 0.01875 0.05390625
0 0.66796875 0.5578125 0.02109375 0.0546875
0 0.66328125 0.7140625 0.01796875 0.046875
0 0.6859375 0.65 0.0171875 0.06328125
0 0.690625 0.56640625 0.01796875 0.04453125
0 0.71875 0.4828125 0.01640625 0.06171875
0 0.7140625 0.41328125 0.02109375 0.04375
0 0.71796875 0.325 0.01953125 0.0609375
0 0.73515625 0.41484375 0.02109375 0.0515625
0 0.7390625 0.3265625 0.01484375 0.0546875
0 0.75078125 0.3140625 0.01796875 0.04296875
0 0.74765625 0.5859375 0.015625 0.05078125
0 0.7421875 0.5046875 0.021875 0.0359375
0 0.76640625 0.49375 0.021875 0.046875
0 0.7734375 0.42421875 0.021875 0.05546875
0 0.77421875 0.34296875 0.025 0.05546875
0 0.48984375 0.65234375 0.01953125 0.05859375
0 0.51484375 0.5515625 0.01953125 0.04609375
0 0.56875 0.5609375 0.01796875 0.05234375
0 0.64375 0.56953125 0.025 0.05
0 0.67265625 0.48046875 0.0203125 0.0578125