0 0.83125 0.096875 0.034375 0.16171875
0 0.746875 0.46796875 0.02265625 0.1328125
0 0.6140625 0.64140625 0.025 0.10546875
0 0.584375 0.52890625 0.0265625 0.11328125
0 0.509375 0.33046875 0.03125 0.1578125
0 0.45546875 0.49765625 0.028125 0.11484375
0 0.30234375 0.36875 0.03671875 0.16015625
0 0.36328125 0.5140625 0.02890625 0.12421875
0 0.35625 0.625 0.01796875 0.09140625
0 0.47421875 0.6453125 0.03203125 0.10234375
0 0.4296875 0.8484375 0.015625 0.0609375
0 0.24921875 0.79921875 0.01328125 0.0578125