0 0.190625 0.42578125 0.01171875 0.04921875
0 0.2140625 0.4640625 0.015625 0.04296875
0 0.24609375 0.5609375 0.02109375 0.06015625
0 0.259375 0.484375 0.0171875 0.0609375
0 0.31484375 0.66484375 0.01875 0.0640625
0 0.36953125 0.621875 0.01796875 0.04921875
0 0.43828125 0.85 0.015625 0.05625
0 0.46875 0.6515625 0.01640625 0.05234375
0 0.48515625 0.69375 0.01875 0.05390625
0 0.50078125 0.92265625 0.015625 0.07109375
0 0.51875 0.8484375 0.01796875 0.07109375
0 0.53046875 0.928125 0.01328125 0.04453125
0 0.6375 0.784375 0.02109375 0.05390625