0 0.3421875 0.3203125 0.0375 0.12265625
0 0.3734375 0.33125 0.0359375 0.15546875
0 0.4140625 0.38671875 0.0234375 0.11484375
0 0.4078125 0.4875 0.03125 0.0796875
0 0.42421875 0.2640625 0.0234375 0.16953125
0 0.46328125 0.24140625 0.03046875 0.16875
0 0.45078125 0.33203125 0.015625 0.034375
0 0.4984375 0.27265625 0.03671875 0.11171875
0 0.5078125 0.41875 0.03203125 0.13828125
0 0.4703125 0.05859375 0.0375 0.11640625
0 0.5203125 0.11640625 0.0359375 0.178125
0 0.56796875 0.15859375 0.0390625 0.17265625
0 0.60078125 0.03828125 0.05390625 0.07578125
0 0.6671875 0.03359375 0.0453125 0.06640625
0 0.66484375 0.13203125 0.04140625 0.146875
0 0.640625 0.309375 0.03125 0.16328125
0 0.6734375 0.3125 0.03828125 0.16171875
0 0.70859375 0.20625 0.0375 0.1609375
0 0.73984375 0.18046875 0.04140625 0.184375
0 0.16328125 0.78125 0.0234375 0.0890625
0 0.17890625 0.7953125 0.0234375 0.09453125
0 0.20625 0.78828125 0.021875 0.103125
0 0.24140625 0.7984375 0.0234375 0.10546875
0 0.19765625 0.86015625 0.01484375 0.046875
0 0.209375 0.8640625 0.0140625 0.03515625
0 0.51796875 0.8578125 0.02265625 0.08984375
0 0.70625 0.88203125 0.015625 0.08671875
0 0.7203125 0.85859375 0.01875 0.09140625
0 0.7375 0.8671875 0.01328125 0.08984375
0 0.84609375 0.5734375 0.0296875 0.12109375
0 0.840625 0.6546875 0.025 0.04609375
0 0.71484375 0.4078125 0.02734375 0.15
0 0.746875 0.53203125 0.02890625 0.13828125
0 0.7515625 0.3671875 0.03515625 0.14921875
0 0.646875 0.43515625 0.01796875 0.059375
0 0.69140625 0.5046875 0.028125 0.14296875
0 0.54609375 0.6421875 0.021875 0.12578125
0 0.58125 0.33515625 0.02109375 0.1484375
0 0.578125 0.4375 0.028125 0.07265625
0 0.60546875 0.33984375 0.02109375 0.14765625
0 0.5703125 0.5265625 0.02734375 0.08984375
0 0.59453125 0.5140625 0.0203125 0.1140625
0 0.63046875 0.4203125 0.01484375 0.06640625
0 0.6265625 0.47734375 0.028125 0.0484375
0 0.29921875 0.840625 0.01640625 0.08125
0 0.5078125 0.68671875 0.01484375 0.103125
0 0.52734375 0.68515625 0.01875 0.11484375
0 0.57109375 0.67265625 0.0140625 0.1078125
0 0.590625 0.61015625 0.015625 0.08828125
0 0.5875 0.69921875 0.01171875 0.0359375
0 0.59921875 0.67421875 0.01875 0.04453125
0 0.61875 0.53671875 0.01875 0.096875
0 0.64765625 0.58515625 0.015625 0.1296875
0 0.6140625 0.6234375 0.01484375 0.0625
0 0.65546875 0.646875 0.01640625 0.04296875
0 0.62109375 0.6640625 0.0140625 0.028125
0 0.5 0.73671875 0.01171875 0.02578125
0 0.51640625 0.73671875 0.00859375 0.02109375