0 0.2359375 0.7203125 0.0359375 0.15234375
0 0.13203125 0.9390625 0.04296875 0.121875
0 0.4484375 0.9375 0.04140625 0.125
0 0.49765625 0.5515625 0.03203125 0.134375
0 0.70390625 0.56953125 0.0296875 0.14296875
0 0.5375 0.38828125 0.02109375 0.07578125
0 0.5515625 0.36171875 0.015625 0.05078125
0 0.621875 0.3359375 0.01640625 0.08359375
0 0.7140625 0.4015625 0.021875 0.08984375
0 0.2796875 0.40859375 0.021875 0.09453125
0 0.3921875 0.375 0.025 0.1015625
0 0.42265625 0.303125 0.01796875 0.08671875
0 0.57265625 0.15703125 0.015625 0.06328125
0 0.72734375 0.18203125 0.01484375 0.0625
0 0.7515625 0.20078125 0.01484375 0.07265625