0 0.67578125 0.225 0.04375 0.075
0 0.72421875 0.28203125 0.046875 0.0953125
0 0.86640625 0.3359375 0.06796875 0.06875
0 0.81015625 0.16484375 0.053125 0.07265625
0 0.81953125 0.065625 0.04140625 0.0703125
0 0.78671875 0.096875 0.04296875 0.07421875
0 0.96484375 0.0546875 0.05859375 0.08046875
0 0.96875 0.1234375 0.05625 0.08125
0 0.91015625 0.028125 0.059375 0.05546875
0 0.5734375 0.40546875 0.059375 0.096875
0 0.51640625 0.4125 0.06015625 0.1
0 0.3890625 0.53125 0.0640625 0.11953125
0 0.34140625 0.46328125 0.05390625 0.1078125
0 0.39453125 0.2625 0.04765625 0.09765625
0 0.40546875 0.33046875 0.03671875 0.08046875
0 0.41015625 0.37890625 0.03984375 0.05625
0 0.290625 0.26328125 0.0765625 0.09296875
0 0.2453125 0.15703125 0.0625 0.10390625
0 0.021875 0.08984375 0.04375 0.08359375
0 0.6203125 0.49375 0.053125 0.09296875
0 0.865625 0.6546875 0.06171875 0.13046875
0 0.8203125 0.69375 0.05625 0.12109375
0 0.77109375 0.7328125 0.065625 0.1171875
0 0.70234375 0.79453125 0.0484375 0.1328125
0 0.6578125 0.81796875 0.06328125 0.14296875
0 0.553125 0.84453125 0.04921875 0.121875
0 0.4234375 0.86015625 0.046875 0.1359375
0 0.36953125 0.85078125 0.03984375 0.15390625
0 0.3296875 0.834375 0.04921875 0.15078125
0 0.2703125 0.8 0.04921875 0.14609375
0 0.221875 0.78203125 0.0390625 0.140625
0 0.1875 0.740625 0.05 0.13359375
0 0.1234375 0.66484375 0.0671875 0.1546875
0 0.034375 0.50078125 0.06796875 0.15234375
0 0.92421875 0.7328125 0.08046875 0.10078125
0 0.290625 0.89140625 0.03984375 0.09765625