0 0.29296875 0.77109375 0.096875 0.234375
0 0.30703125 0.5859375 0.0671875 0.12890625
0 0.30234375 0.3859375 0.10390625 0.24609375
0 0.25390625 0.23359375 0.07890625 0.20234375
0 0.27109375 0.1859375 0.0640625 0.2125
0 0.07421875 0.22578125 0.096875 0.2890625
0 0.1609375 0.103125 0.078125 0.20625
0 0.33203125 0.11875 0.0609375 0.23671875
0 0.403125 0.1078125 0.06484375 0.215625
0 0.70625 0.68828125 0.0953125 0.2640625
0 0.64375 0.92890625 0.1125 0.12734375
0 0.79296875 0.21640625 0.0859375 0.2328125
0 0.87734375 0.23984375 0.08046875 0.21875
0 0.92421875 0.27890625 0.11796875 0.21171875
0 0.82578125 0.484375 0.07265625 0.15
0 0.82109375 0.64453125 0.13515625 0.21015625
0 0.84140625 0.83515625 0.140625 0.184375
0 0.940625 0.5984375 0.09453125 0.1828125
0 0.92265625 0.4765625 0.10859375 0.09765625