0 0.96796875 0.32109375 0.04375 0.06796875
0 0.978125 0.21640625 0.0390625 0.06640625
0 0.8109375 0.46171875 0.02109375 0.0609375
0 0.60546875 0.67734375 0.03125 0.090625
0 0.61640625 0.81171875 0.02421875 0.09765625
0 0.553125 0.81484375 0.028125 0.0875
0 0.50234375 0.90859375 0.02265625 0.0625
0 0.5328125 0.6765625 0.03515625 0.08515625
0 0.47734375 0.5609375 0.02734375 0.0859375
0 0.459375 0.70625 0.03125 0.08125
0 0.42421875 0.41796875 0.0328125 0.084375
0 0.58203125 0.0578125 0.0421875 0.0578125
0 0.61015625 0.353125 0.02578125 0.07890625
0 0.48046875 0.165625 0.04296875 0.0640625
0 0.3984375 0.18046875 0.0359375 0.06171875
0 0.346875 0.02421875 0.034375 0.0484375
0 0.11015625 0.3890625 0.0453125 0.08671875
0 0.0453125 0.25625 0.05546875 0.0890625