0 0.315625 0.959375 0.02265625 0.07890625
0 0.32421875 0.89921875 0.0265625 0.04296875
0 0.39453125 0.9421875 0.0328125 0.115625
0 0.4328125 0.72734375 0.03125 0.17578125
0 0.4359375 0.6234375 0.02109375 0.046875
0 0.4296875 0.57734375 0.021875 0.0609375
0 0.44375 0.53515625 0.01796875 0.07421875
0 0.45859375 0.56875 0.01875 0.0953125
0 0.525 0.52734375 0.0171875 0.09453125
0 0.5421875 0.5203125 0.01875 0.12265625
0 0.5703125 0.4796875 0.01953125 0.115625
0 0.57734375 0.4125 0.0171875 0.0375
0 0.5953125 0.4859375 0.02109375 0.1140625
0 0.64609375 0.725 0.0296875 0.1390625
0 0.66796875 0.696875 0.0234375 0.12890625
0 0.7328125 0.6703125 0.028125 0.1453125
0 0.72421875 0.59765625 0.01796875 0.04609375
0 0.7796875 0.6265625 0.0296875 0.140625
0 0.63984375 0.53046875 0.01875 0.1203125
0 0.65546875 0.5546875 0.01875 0.11328125
0 0.69140625 0.50234375 0.0171875 0.125
0 0.6546875 0.47578125 0.01953125 0.05234375
0 0.671875 0.47109375 0.015625 0.08046875
0 0.44765625 0.4171875 0.02109375 0.10703125
0 0.46953125 0.4046875 0.01953125 0.11328125