0 0.596875 0.1234375 0.0609375 0.24609375
0 0.521875 0.1328125 0.06015625 0.265625
0 0.621875 0.3140625 0.0453125 0.17265625
0 0.5671875 0.32421875 0.04375 0.175
0 0.58359375 0.471875 0.0390625 0.11484375
0 0.5265625 0.4453125 0.03203125 0.09921875
0 0.534375 0.5375 0.03671875 0.07578125
0 0.5 0.40703125 0.03125 0.11484375
0 0.4671875 0.3 0.03671875 0.27890625
0 0.43203125 0.3578125 0.02890625 0.2234375
0 0.40234375 0.32890625 0.03828125 0.225
0 0.378125 0.11484375 0.065625 0.2296875
0 0.35859375 0.2890625 0.0484375 0.13828125
0 0.3 0.1953125 0.06015625 0.33984375
0 0.3234375 0.50390625 0.0265625 0.21875
0 0.2875 0.43828125 0.04453125 0.159375
0 0.2234375 0.25 0.053125 0.271875
0 0.19296875 0.07734375 0.09296875 0.1546875
0 0.1328125 0.1203125 0.059375 0.18515625
0 0.22890625 0.46171875 0.03203125 0.19140625
0 0.49140625 0.521875 0.0296875 0.121875
0 0.4609375 0.48671875 0.03828125 0.1140625
0 0.36796875 0.42265625 0.034375 0.1390625
0 0.35 0.475 0.0375 0.16484375
0 0.40859375 0.49921875 0.03046875 0.0984375
0 0.38515625 0.5328125 0.03515625 0.11796875
0 0.4171875 0.57734375 0.034375 0.0625
0 0.46484375 0.621875 0.0296875 0.103125
0 0.4234375 0.62734375 0.0296875 0.0875
0 0.38046875 0.62421875 0.02578125 0.134375
0 0.34921875 0.62421875 0.0296875 0.134375
0 0.31796875 0.63125 0.0265625 0.096875
0 0.5015625 0.6421875 0.02421875 0.11796875
0 0.4984375 0.73359375 0.01875 0.0828125
0 0.475 0.7484375 0.02109375 0.06328125
0 0.4359375 0.746875 0.01953125 0.10234375
0 0.41796875 0.75625 0.0171875 0.06484375
0 0.3953125 0.7 0.01484375 0.08515625
0 0.3328125 0.70546875 0.01328125 0.05546875