0 0.0859375 0.55234375 0.06171875 0.0890625
0 0.16171875 0.54375 0.046875 0.078125
0 0.0484375 0.46640625 0.0515625 0.09453125
0 0.0421875 0.31875 0.05 0.0921875
0 0.10859375 0.32578125 0.05 0.08984375
0 0.21875 0.31796875 0.04609375 0.08515625
0 0.303125 0.35546875 0.0421875 0.06640625
0 0.15546875 0.16875 0.0390625 0.078125
0 0.17734375 0.06015625 0.05703125 0.0609375
0 0.34453125 0.12734375 0.04375 0.07734375
0 0.4234375 0.23125 0.0328125 0.06875
0 0.43046875 0.0578125 0.0375 0.078125
0 0.48671875 0.0875 0.02265625 0.05859375
0 0.51953125 0.18203125 0.0296875 0.071875
0 0.62265625 0.2703125 0.0328125 0.05859375