0 0.190625 0.16015625 0.053125 0.0921875
0 0.25234375 0.075 0.0484375 0.07734375
0 0.41953125 0.31328125 0.0515625 0.0734375
0 0.521875 0.29765625 0.0421875 0.084375
0 0.759375 0.121875 0.04453125 0.09140625
0 0.359375 0.56015625 0.03984375 0.07890625
0 0.19765625 0.8453125 0.05546875 0.06640625
0 0.20546875 0.7578125 0.05 0.06875
0 0.2203125 0.6859375 0.046875 0.06796875
0 0.55625 0.70703125 0.0359375 0.059375
0 0.60859375 0.7953125 0.04453125 0.0546875
0 0.5921875 0.921875 0.04453125 0.06796875