0 0.1109375 0.55234375 0.0203125 0.1046875
0 0.18203125 0.66015625 0.02265625 0.09765625
0 0.21953125 0.69140625 0.0203125 0.09453125
0 0.3140625 0.84375 0.01484375 0.0765625
0 0.32578125 0.71953125 0.01875 0.0875
0 0.35546875 0.64296875 0.0203125 0.08359375
0 0.39453125 0.6328125 0.02109375 0.08203125
0 0.565625 0.621875 0.02421875 0.0734375
0 0.35078125 0.4578125 0.02734375 0.10234375
0 0.38671875 0.41875 0.03125 0.09375
0 0.52890625 0.45859375 0.03359375 0.1046875
0 0.5015625 0.18359375 0.02578125 0.1171875
0 0.8375 0.44140625 0.03203125 0.13203125
0 0.78125 0.73046875 0.0203125 0.07421875
0 0.675 0.7828125 0.01640625 0.0859375