0 0.58203125 0.0359375 0.0234375 0.07109375
0 0.5984375 0.4296875 0.01640625 0.05234375
0 0.5875 0.2984375 0.01796875 0.06875
0 0.509375 0.4421875 0.01328125 0.06328125
0 0.54921875 0.28203125 0.01953125 0.0875
0 0.53359375 0.2984375 0.0140625 0.07890625
0 0.4875 0.22578125 0.01796875 0.06640625
0 0.43671875 0.3015625 0.01484375 0.0671875
0 0.4296875 0.36875 0.01484375 0.0671875
0 0.59453125 0.553125 0.0140625 0.05078125
0 0.61953125 0.6734375 0.0109375 0.046875
0 0.590625 0.6125 0.01171875 0.0375
0 0.5921875 0.63984375 0.01328125 0.0390625