0 0.7234375 0.384375 0.028125 0.12421875
0 0.70703125 0.52890625 0.0234375 0.13203125
0 0.584375 0.2671875 0.03203125 0.17265625
0 0.48671875 0.58984375 0.02265625 0.11015625
0 0.63359375 0.63984375 0.0234375 0.103125
0 0.44609375 0.62578125 0.01953125 0.1
0 0.3765625 0.5890625 0.025 0.10390625
0 0.33671875 0.69296875 0.02265625 0.10859375
0 0.3171875 0.7890625 0.01796875 0.078125
0 0.27890625 0.78515625 0.01484375 0.0671875
0 0.20546875 0.63671875 0.0234375 0.0921875
0 0.14609375 0.34453125 0.028125 0.1484375