0 0.16875 0.903125 0.034375 0.16171875
0 0.253125 0.53203125 0.02265625 0.1328125
0 0.3859375 0.35859375 0.025 0.10546875
0 0.415625 0.47109375 0.0265625 0.11328125
0 0.490625 0.66953125 0.03125 0.1578125
0 0.54453125 0.50234375 0.028125 0.11484375
0 0.69765625 0.63125 0.03671875 0.16015625
0 0.63671875 0.4859375 0.02890625 0.12421875
0 0.64375 0.375 0.01796875 0.09140625
0 0.52578125 0.3546875 0.03203125 0.10234375
0 0.5703125 0.1515625 0.015625 0.0609375
0 0.75078125 0.20078125 0.01328125 0.0578125