0 0.6359375 0.67421875 0.07109375 0.21875
0 0.6609375 0.51171875 0.1015625 0.1125
0 0.68984375 0.69765625 0.06640625 0.1375
0 0.4765625 0.46953125 0.0578125 0.21953125
0 0.4953125 0.75546875 0.0796875 0.18984375
0 0.521875 0.8921875 0.1125 0.21484375
0 0.36328125 0.9390625 0.12109375 0.121875
0 0.484375 0.25546875 0.06171875 0.2390625
0 0.45859375 0.17578125 0.0421875 0.203125
0 0.0421875 0.69296875 0.084375 0.2140625
0 0.04375 0.87734375 0.08671875 0.1453125
0 0.82890625 0.44765625 0.11015625 0.26328125
0 0.86640625 0.596875 0.12421875 0.2265625
0 0.89140625 0.78359375 0.1140625 0.24921875
0 0.93828125 0.91171875 0.1203125 0.1765625
0 0.934375 0.43828125 0.09140625 0.11796875
0 0.896875 0.36953125 0.0609375 0.21875
0 0.940625 0.22734375 0.06796875 0.23046875
0 0.8515625 0.13046875 0.07734375 0.23984375