9 0.57890625 0.609375 0.12109375 0.13203125
9 0.72578125 0.60390625 0.07734375 0.1328125
9 0.309375 0.63203125 0.13984375 0.13046875
9 0.81640625 0.57265625 0.01640625 0.034375
9 0.83203125 0.5703125 0.01015625 0.0265625
9 0.79140625 0.5703125 0.01796875 0.02890625
9 0.77109375 0.575 0.0140625 0.03125
9 0.76171875 0.5734375 0.0125 0.0296875
9 0.74296875 0.56796875 0.0125 0.02109375
9 0.8421875 0.56640625 0.0125 0.01875
9 0.87109375 0.56328125 0.01015625 0.01796875
9 0.85703125 0.559375 0.00546875 0.01484375