9 0.546875 0.8140625 0.0859375 0.1203125
9 0.4265625 0.5703125 0.040625 0.053125
9 0.46640625 0.57578125 0.0390625 0.053125
9 0.521875 0.58046875 0.04375 0.0515625
9 0.475 0.5375 0.0359375 0.0453125
9 0.5125 0.5453125 0.0296875 0.040625
9 0.5234375 0.5265625 0.0328125 0.040625
9 0.503125 0.5015625 0.025 0.03125
9 0.4796875 0.4890625 0.025 0.0296875
8 0.25546875 0.70390625 0.190625 0.1640625
8 0.39296875 0.53125 0.075 0.065625
8 0.4453125 0.46328125 0.0375 0.0359375
8 0.22421875 0.478125 0.065625 0.0515625
8 0.33125 0.4453125 0.034375 0.03125