8 0.31953125 0.9109375 0.18125 0.15
8 0.0953125 0.7265625 0.1875 0.2640625
8 0.53828125 0.89375 0.2046875 0.2125
8 0.33671875 0.71640625 0.18125 0.2390625
8 0.1890625 0.60703125 0.1421875 0.18125
8 0.73515625 0.8921875 0.2140625 0.215625
8 0.51484375 0.721875 0.15625 0.1796875
8 0.68984375 0.76953125 0.1734375 0.1828125
8 0.64375 0.69609375 0.140625 0.18125
8 0.4734375 0.57109375 0.1265625 0.15
8 0.16796875 0.484375 0.128125 0.165625
8 0.6171875 0.6203125 0.109375 0.134375
8 0.34453125 0.58515625 0.1453125 0.15
8 0.3296875 0.52265625 0.1265625 0.1453125
8 0.3515625 0.46875 0.1078125 0.115625
8 0.209375 0.44921875 0.1046875 0.1328125
8 0.58515625 0.515625 0.1046875 0.11875
8 0.465625 0.5296875 0.1140625 0.1125
8 0.24375 0.40625 0.10625 0.1453125
8 0.33671875 0.43203125 0.0875 0.1125
8 0.23984375 0.35859375 0.084375 0.09375
8 0.4578125 0.42109375 0.1015625 0.1234375
9 0.5609375 0.3140625 0.034375 0.0671875
9 0.5921875 0.2890625 0.034375 0.0640625
9 0.61796875 0.3625 0.0390625 0.0703125
9 0.5953125 0.39453125 0.0421875 0.0828125
9 0.6421875 0.41171875 0.040625 0.08125
9 0.609375 0.425 0.040625 0.0875
9 0.66953125 0.45078125 0.046875 0.0921875
9 0.64609375 0.50546875 0.05 0.1
9 0.7125 0.50703125 0.05 0.0953125
9 0.7484375 0.95 0.05625 0.1
9 0.73125 0.6375 0.059375 0.1234375
9 0.7921875 0.64140625 0.0609375 0.134375
9 0.7875 0.7765625 0.0796875 0.1421875
9 0.8078125 0.734375 0.059375 0.121875
9 0.83515625 0.73515625 0.065625 0.14375
9 0.91015625 0.7765625 0.078125 0.15625
9 0.834375 0.92109375 0.08125 0.1578125
9 0.875 0.9484375 0.096875 0.103125
9 0.88671875 0.88359375 0.0765625 0.140625
9 0.69296875 0.56171875 0.0578125 0.1203125