8 0.45390625 0.62734375 0.2296875 0.1890625
8 0.55546875 0.35078125 0.1265625 0.0703125
8 0.46640625 0.190625 0.034375 0.0203125
8 0.4703125 0.1765625 0.021875 0.009375
8 0.4625 0.16796875 0.0203125 0.0078125
8 0.5375 0.1734375 0.01875 0.0125
9 0.50546875 0.178125 0.00625 0.0109375
9 0.49609375 0.17265625 0.0078125 0.0109375
9 0.48046875 0.16640625 0.00625 0.0109375
9 0.7734375 0.4984375 0.0578125 0.0859375
9 0.77734375 0.31640625 0.03125 0.040625
9 0.92890625 0.9 0.1421875 0.1875
9 0.06875 0.30703125 0.0515625 0.0609375