3 0.346875 0.52890625 0.3703125 0.4078125
8 0.54140625 0.475 0.065625 0.125
8 0.62578125 0.49765625 0.046875 0.0734375
8 0.671875 0.465625 0.04375 0.0578125
8 0.71953125 0.48984375 0.028125 0.0546875
8 0.63671875 0.20234375 0.0609375 0.1
9 0.58828125 0.68828125 0.0453125 0.034375
10 0.70703125 0.559375 0.0265625 0.0328125
9 0.71640625 0.57890625 0.0125 0.009375
9 0.72109375 0.5625 0.009375 0.009375
9 0.72421875 0.5546875 0.0125 0.009375
9 0.72734375 0.5484375 0.0140625 0.0078125
9 0.73828125 0.53984375 0.0125 0.009375
9 0.73203125 0.5125 0.0125 0.009375
9 0.7453125 0.51484375 0.009375 0.00625
9 0.74453125 0.53515625 0.009375 0.0078125
9 0.74375 0.575 0.0109375 0.00625
8 0.7546875 0.49375 0.0140625 0.0203125
8 0.76328125 0.49140625 0.009375 0.015625
8 0.76953125 0.49296875 0.0140625 0.01875
3 0.76484375 0.51875 0.0171875 0.01875
8 0.75625 0.5546875 0.0109375 0.01875
8 0.76875 0.54296875 0.009375 0.01875
9 0.75078125 0.53359375 0.009375 0.009375