9 0.47109375 0.3828125 0.0859375 0.1015625
9 0.4390625 0.1578125 0.040625 0.04375
9 0.46953125 0.11953125 0.0375 0.0375
9 0.4140625 0.128125 0.0375 0.04375
9 0.38125 0.1078125 0.025 0.0296875
9 0.4109375 0.10546875 0.0234375 0.0234375
9 0.43828125 0.096875 0.021875 0.028125
9 0.428125 0.09453125 0.0171875 0.025
9 0.39609375 0.09921875 0.0234375 0.0265625
8 0.3296875 0.1 0.0375 0.03125
8 0.36484375 0.08984375 0.0328125 0.0265625
8 0.3578125 0.08125 0.0328125 0.028125
8 0.04609375 0.45625 0.0921875 0.146875