9 0.753125 0.6046875 0.134375 0.08125
9 0.6234375 0.25234375 0.1109375 0.0953125
9 0.45390625 0.12734375 0.08125 0.0703125
9 0.45546875 0.384375 0.078125 0.065625
9 0.37890625 0.484375 0.0703125 0.0625
9 0.3484375 0.31640625 0.059375 0.05625
9 0.30234375 0.4140625 0.05625 0.05
9 0.2140625 0.43671875 0.0359375 0.0265625
9 0.17890625 0.403125 0.021875 0.0140625
9 0.16875 0.4671875 0.01875 0.0109375
9 0.15859375 0.4359375 0.0203125 0.0109375
9 0.15625 0.41796875 0.0171875 0.0125
9 0.15078125 0.44765625 0.01875 0.0109375
9 0.14140625 0.4296875 0.0140625 0.00625
9 0.13515625 0.4453125 0.0125 0.0109375
9 0.13125 0.4734375 0.0125 0.0078125
9 0.11875 0.45625 0.0109375 0.00625
9 0.13359375 0.4046875 0.0125 0.0078125
9 0.134375 0.421875 0.0125 0.009375
9 0.13359375 0.42890625 0.009375 0.0078125
9 0.12734375 0.4390625 0.009375 0.009375
9 0.125 0.4328125 0.009375 0.009375
3 0.1171875 0.471875 0.0203125 0.0203125
8 0.1265625 0.5015625 0.0140625 0.028125
8 0.1171875 0.4984375 0.009375 0.021875
8 0.1109375 0.4984375 0.0078125 0.01875
8 0.10546875 0.49921875 0.0078125 0.0203125
8 0.115625 0.43125 0.0078125 0.021875
8 0.12109375 0.41875 0.009375 0.015625
8 0.10234375 0.44296875 0.009375 0.015625
9 0.1 0.45546875 0.00625 0.0046875
9 0.10078125 0.465625 0.00625 0.00625
9 0.10546875 0.4703125 0.003125 0.0046875
9 0.1046875 0.478125 0.003125 0.00625
9 0.096875 0.4859375 0.00625 0.0046875
8 0.09453125 0.49453125 0.0078125 0.0140625