9 0.07109375 0.1359375 0.1421875 0.075
9 0.13671875 0.25390625 0.140625 0.0515625
9 0.18828125 0.23515625 0.1234375 0.0421875
9 0.196875 0.190625 0.1265625 0.0484375
9 0.31796875 0.23515625 0.0953125 0.028125
9 0.2875 0.25859375 0.0953125 0.0328125
9 0.21796875 0.315625 0.103125 0.0328125
9 0.215625 0.35078125 0.1171875 0.0375
9 0.296875 0.3109375 0.0921875 0.0328125
9 0.28984375 0.38203125 0.09375 0.0359375
9 0.37734375 0.34921875 0.06875 0.025
9 0.42578125 0.32578125 0.0625 0.0234375
9 0.41171875 0.28828125 0.0671875 0.0265625
9 0.29921875 0.47109375 0.1015625 0.034375
9 0.32890625 0.44453125 0.084375 0.0234375
9 0.3671875 0.40703125 0.0765625 0.028125
9 0.36875 0.46328125 0.08125 0.0234375
9 0.309375 0.51171875 0.1078125 0.028125
9 0.3234375 0.5515625 0.0890625 0.034375
9 0.39296875 0.50703125 0.0671875 0.028125
9 0.346875 0.66015625 0.0796875 0.059375
9 0.48671875 0.60625 0.06875 0.021875
8 0.1453125 0.4625 0.221875 0.103125
8 0.46875 0.3453125 0.0546875 0.0359375
8 0.5125 0.37421875 0.0546875 0.0328125
8 0.47734375 0.46171875 0.0609375 0.0359375
8 0.4515625 0.534375 0.0671875 0.0421875
8 0.378125 0.58671875 0.0921875 0.05625
8 0.3296875 0.753125 0.1515625 0.1265625
8 0.3859375 0.903125 0.0875 0.078125
9 0.41015625 0.8359375 0.0703125 0.0296875