8 0.55546875 0.84140625 0.2453125 0.3109375
8 0.53671875 0.5015625 0.053125 0.0453125
8 0.53125 0.46484375 0.03125 0.0296875
8 0.5 0.4609375 0.025 0.021875
8 0.5296875 0.44296875 0.0203125 0.015625
8 0.503125 0.43671875 0.0171875 0.015625
8 0.4671875 0.4421875 0.0171875 0.015625
8 0.44765625 0.46328125 0.021875 0.01875
8 0.47578125 0.434375 0.0140625 0.0109375
8 0.52734375 0.434375 0.0171875 0.009375
8 0.5234375 0.4265625 0.0171875 0.0125
8 0.5046875 0.4234375 0.0125 0.009375
8 0.50703125 0.41875 0.009375 0.00625
3 0.52265625 0.41875 0.0171875 0.0125
9 0.48046875 0.52109375 0.0234375 0.03125
9 0.4515625 0.53125 0.0203125 0.0296875
9 0.42421875 0.53203125 0.0234375 0.0296875
9 0.44140625 0.50703125 0.01875 0.025
9 0.46953125 0.46796875 0.009375 0.015625
9 0.4625 0.465625 0.0109375 0.0171875
9 0.47890625 0.45234375 0.009375 0.0140625
9 0.48828125 0.44375 0.0109375 0.0109375
9 0.325 0.65078125 0.0375 0.059375
0 0.37265625 0.55078125 0.0234375 0.0296875
1 0.40859375 0.63515625 0.175 0.2015625