9 0.83125 0.92734375 0.09453125 0.1453125
9 0.5515625 0.778125 0.075 0.18671875
9 0.86015625 0.70703125 0.065625 0.17734375
9 0.71171875 0.62578125 0.06796875 0.1453125
9 0.79765625 0.575 0.05625 0.134375
9 0.9453125 0.4765625 0.04453125 0.11171875
9 0.51015625 0.40859375 0.04140625 0.09453125
9 0.575 0.42890625 0.028125 0.09609375
9 0.65859375 0.41640625 0.03359375 0.071875
9 0.6875 0.371875 0.0296875 0.08203125
9 0.73046875 0.3640625 0.02890625 0.071875
9 0.47734375 0.3375 0.0296875 0.06875
9 0.440625 0.32890625 0.03125 0.075
9 0.53671875 0.32890625 0.02265625 0.07421875
9 0.59375 0.31328125 0.028125 0.0640625
9 0.11015625 0.4609375 0.03984375 0.10390625
9 0.1359375 0.26640625 0.05078125 0.06328125
9 0.3984375 0.28203125 0.0265625 0.059375
9 0.55390625 0.2640625 0.0203125 0.05625
9 0.54140625 0.24609375 0.01953125 0.05078125
9 0.5140625 0.21796875 0.015625 0.03984375
8 0.22109375 0.2203125 0.04375 0.05234375
8 0.2734375 0.2359375 0.0390625 0.05234375
8 0.39921875 0.384375 0.096875 0.10078125
8 0.46640625 0.53828125 0.1140625 0.12890625
8 0.64765625 0.49609375 0.11953125 0.13125
8 0.6125 0.66953125 0.15546875 0.17421875
8 0.18046875 0.6328125 0.134375 0.15234375
8 0.340625 0.78203125 0.18671875 0.25
7 0.30625 0.36953125 0.08515625 0.15390625
7 0.2484375 0.515625 0.11953125 0.20703125
7 0.48359375 0.2953125 0.06484375 0.115625
7 0.453125 0.23984375 0.0546875 0.09375
8 0.6265625 0.29921875 0.05703125 0.07421875
8 0.17578125 0.38984375 0.06953125 0.09609375