9 0.578125 0.5875 0.046875 0.07109375
9 0.46015625 0.403125 0.0140625 0.0203125
9 0.48125 0.39375 0.01171875 0.01875
9 0.50078125 0.4 0.01328125 0.0203125
9 0.46171875 0.375 0.0078125 0.01484375
9 0.4859375 0.37265625 0.009375 0.0125
9 0.4703125 0.3625 0.00625 0.0125
9 0.47890625 0.359375 0.00703125 0.0140625
9 0.47109375 0.35 0.0078125 0.00859375
9 0.45625 0.3484375 0.00703125 0.0109375
9 0.46328125 0.34765625 0.00546875 0.01015625
8 0.4453125 0.34140625 0.0109375 0.009375
8 0.52421875 0.42578125 0.0390625 0.02734375
8 0.4203125 0.43984375 0.04921875 0.04296875
8 0.4234375 0.39140625 0.02265625 0.0203125
8 0.43828125 0.36171875 0.01640625 0.01640625
0 0.78203125 0.6203125 0.0328125 0.07578125