8 0.446875 0.56640625 0.175 0.11328125
8 0.4796875 0.3953125 0.07578125 0.05546875
8 0.478125 0.33515625 0.040625 0.02265625
8 0.58203125 0.3296875 0.04921875 0.02421875
8 0.5484375 0.315625 0.03515625 0.01875
8 0.48828125 0.29765625 0.025 0.0125
8 0.49140625 0.28828125 0.025 0.00859375
8 0.49140625 0.2796875 0.0203125 0.00859375
1 0.53046875 0.2859375 0.03046875 0.0234375
3 0.5234375 0.2640625 0.0234375 0.0171875
3 0.49453125 0.26875 0.02265625 0.015625
8 0.50234375 0.2578125 0.0125 0.0046875
8 0.54453125 0.26015625 0.0125 0.00703125
8 0.55859375 0.27265625 0.01640625 0.00625
9 0.6140625 0.4046875 0.02421875 0.03515625
9 0.628125 0.3578125 0.02265625 0.0265625
9 0.5890625 0.31171875 0.0171875 0.0140625
9 0.57890625 0.296875 0.00625 0.0140625
9 0.55390625 0.303125 0.00546875 0.00703125
9 0.5609375 0.2984375 0.00703125 0.009375
9 0.56640625 0.29140625 0.0078125 0.01015625