9 0.9015625 0.92890625 0.11171875 0.1421875
9 0.56640625 0.740625 0.084375 0.09765625
9 0.52734375 0.590625 0.040625 0.053125
9 0.4828125 0.5734375 0.03984375 0.05546875
9 0.54140625 0.52890625 0.03125 0.040625
9 0.49609375 0.49296875 0.02265625 0.0328125
9 0.53125 0.4890625 0.0203125 0.03046875
8 0.42890625 0.5078125 0.08203125 0.07109375
8 0.16875 0.51953125 0.08984375 0.0578125
8 0.4515625 0.46875 0.046875 0.03046875
8 0.465625 0.44609375 0.034375 0.02734375
8 0.47890625 0.42734375 0.0203125 0.01953125
9 0.13984375 0.484375 0.0359375 0.03671875