9 0.81796875 0.18828125 0.0953125 0.1421875
9 0.61015625 0.27890625 0.0953125 0.128125
9 0.50625 0.49609375 0.04375 0.05
9 0.4921875 0.5609375 0.034375 0.034375
9 0.5 0.62890625 0.0296875 0.040625
9 0.47734375 0.53359375 0.03125 0.0328125
9 0.45546875 0.52734375 0.0234375 0.025
9 0.44140625 0.5859375 0.021875 0.0203125
9 0.4640625 0.66640625 0.01875 0.0203125
9 0.44609375 0.6671875 0.0140625 0.0140625
9 0.4390625 0.66015625 0.0140625 0.009375
8 0.428125 0.7015625 0.009375 0.0140625
3 0.44765625 0.628125 0.0375 0.0484375
8 0.425 0.64609375 0.0125 0.028125
9 0.42578125 0.66640625 0.0109375 0.0109375
8 0.41484375 0.6578125 0.0109375 0.0171875
3 0.41875 0.68671875 0.009375 0.0125
8 0.65625 0.62578125 0.1359375 0.18125
3 0.4578125 0.68828125 0.03125 0.0453125