9 0.38671875 0.859375 0.0671875 0.125
9 0.32578125 0.784375 0.0640625 0.1
9 0.53828125 0.6421875 0.03125 0.04375
9 0.41015625 0.5875 0.0234375 0.0375
9 0.52421875 0.57109375 0.01875 0.0296875
9 0.4984375 0.56640625 0.01875 0.025
9 0.46015625 0.56796875 0.0140625 0.0265625
9 0.44609375 0.55703125 0.0125 0.0265625
9 0.43671875 0.5359375 0.015625 0.0203125
9 0.45078125 0.51640625 0.0140625 0.0171875
9 0.47109375 0.53671875 0.015625 0.0203125
9 0.50078125 0.54140625 0.0140625 0.0203125
9 0.51875 0.5421875 0.0125 0.0203125
9 0.5203125 0.525 0.0078125 0.0140625
9 0.49375 0.50625 0.009375 0.0109375
9 0.47109375 0.496875 0.00625 0.009375
9 0.48125 0.48828125 0.0078125 0.0078125
8 0.51328125 0.50078125 0.0140625 0.0109375
8 0.50703125 0.4953125 0.0109375 0.0078125
8 0.50546875 0.4890625 0.009375 0.0046875
8 0.503125 0.48359375 0.009375 0.00625
10 0.4921875 0.48984375 0.0109375 0.0109375
9 0.4875 0.48046875 0.003125 0.0046875