3 0.51015625 0.65546875 0.4453125 0.4125
8 0.4796875 0.45625 0.1296875 0.0796875
8 0.51328125 0.375 0.078125 0.05625
8 0.4875 0.32578125 0.0625 0.05
8 0.51640625 0.28046875 0.05625 0.034375
8 0.22109375 0.328125 0.1046875 0.071875
9 0.69765625 0.4359375 0.040625 0.0484375
10 0.584375 0.3015625 0.034375 0.0296875
9 0.6046875 0.29453125 0.0109375 0.0140625
9 0.5890625 0.28828125 0.0109375 0.0109375
9 0.58203125 0.284375 0.0109375 0.0140625
9 0.57578125 0.28046875 0.009375 0.015625
9 0.56875 0.26875 0.0109375 0.0140625
9 0.540625 0.271875 0.0109375 0.0140625
9 0.5453125 0.2578125 0.0078125 0.0109375
9 0.56484375 0.26171875 0.009375 0.0109375
9 0.6046875 0.2671875 0.0078125 0.0125
8 0.525 0.246875 0.021875 0.015625
8 0.5234375 0.2375 0.0171875 0.0109375
8 0.52578125 0.23203125 0.0203125 0.015625
3 0.55078125 0.2390625 0.0203125 0.01875
8 0.5859375 0.25234375 0.0203125 0.0125
8 0.57578125 0.2390625 0.0203125 0.0109375
9 0.5640625 0.2546875 0.0109375 0.0109375