9 0.975 0.14921875 0.05 0.1328125
9 0.76875 0.2359375 0.1265625 0.109375
9 0.5375 0.421875 0.0796875 0.0625
9 0.51328125 0.3703125 0.0734375 0.059375
9 0.48828125 0.44140625 0.0734375 0.0625
9 0.4171875 0.44453125 0.0484375 0.0421875
9 0.4125 0.48203125 0.0484375 0.040625
9 0.371875 0.48125 0.028125 0.025
9 0.375 0.46484375 0.03125 0.0234375
9 0.37421875 0.4390625 0.03125 0.0265625
9 0.36875 0.85546875 0.0578125 0.0578125
9 0.3890625 0.9515625 0.0671875 0.0609375
8 0.4890625 0.625 0.1046875 0.1203125
8 0.40234375 0.55546875 0.0796875 0.0875
8 0.775 0.4109375 0.25625 0.2640625
8 0.80078125 0.84296875 0.3359375 0.3140625
8 0.33203125 0.48671875 0.034375 0.034375
3 0.340625 0.5359375 0.0609375 0.0546875