9 0.040625 0.6578125 0.07734375 0.30703125
9 0.19375 0.73125 0.13671875 0.38203125
9 0.3109375 0.634375 0.06015625 0.18828125
9 0.44609375 0.63359375 0.0546875 0.13828125
9 0.51171875 0.61953125 0.03203125 0.096875
9 0.4796875 0.60859375 0.01953125 0.08125
9 0.57578125 0.62578125 0.03828125 0.10078125
9 0.6265625 0.64296875 0.05390625 0.13515625
9 0.659375 0.628125 0.02890625 0.08828125
9 0.740625 0.64765625 0.04453125 0.12421875
9 0.79140625 0.66015625 0.046875 0.15078125
9 0.396875 0.59921875 0.02734375 0.075
9 0.36484375 0.596875 0.0265625 0.07421875
8 0.55 0.61328125 0.0484375 0.07109375
8 0.7 0.58828125 0.0875 0.1078125