9 0.77734375 0.57578125 0.02890625 0.13671875
9 0.39609375 0.9296875 0.0390625 0.140625
9 0.03828125 0.90625 0.0484375 0.1671875
9 0.12890625 0.73828125 0.0484375 0.1828125
9 0.2375 0.76875 0.03125 0.1875
9 0.203125 0.65078125 0.03125 0.13984375
9 0.50546875 0.73359375 0.0328125 0.16640625
9 0.421875 0.68671875 0.02734375 0.165625
9 0.48515625 0.6171875 0.025 0.15390625
9 0.365625 0.603125 0.0171875 0.13671875
9 0.39921875 0.56015625 0.028125 0.12890625
9 0.4359375 0.51953125 0.02265625 0.1125
9 0.46953125 0.4625 0.01796875 0.1203125
9 0.5078125 0.40859375 0.01875 0.1015625
9 0.37734375 0.5015625 0.0234375 0.09921875
9 0.39921875 0.46796875 0.028125 0.09609375
9 0.40234375 0.41953125 0.021875 0.08515625
9 0.3890625 0.38984375 0.0234375 0.08515625
9 0.32421875 0.4453125 0.0203125 0.10390625
9 0.29453125 0.6359375 0.021875 0.13671875
9 0.2640625 0.58125 0.02109375 0.1375
9 0.21875 0.56640625 0.025 0.10234375
9 0.24453125 0.4984375 0.015625 0.13046875
9 0.275 0.459375 0.01796875 0.1125
9 0.3015625 0.38671875 0.0234375 0.08984375
9 0.33984375 0.30859375 0.0171875 0.07421875
9 0.39921875 0.3046875 0.0109375 0.08046875
9 0.43671875 0.3265625 0.01796875 0.07890625
9 0.503125 0.30078125 0.0171875 0.08515625
9 0.54921875 0.2828125 0.0140625 0.08671875
9 0.6296875 0.2875 0.0203125 0.08125
9 0.37734375 0.27734375 0.01328125 0.0671875
9 0.3703125 0.2328125 0.01484375 0.05
9 0.3890625 0.215625 0.0140625 0.0484375
9 0.4046875 0.228125 0.01015625 0.0625
9 0.4171875 0.23671875 0.01015625 0.0609375
9 0.43046875 0.28984375 0.009375 0.0671875
9 0.446875 0.26171875 0.015625 0.06640625
9 0.46484375 0.27890625 0.01015625 0.075
9 0.4703125 0.23515625 0.0109375 0.04140625
9 0.48046875 0.20703125 0.01015625 0.06796875
9 0.4640625 0.20234375 0.0109375 0.046875
9 0.4265625 0.19609375 0.01015625 0.03046875
9 0.509375 0.23046875 0.015625 0.053125
9 0.5484375 0.20859375 0.01171875 0.06328125
9 0.5625 0.178125 0.01015625 0.04375
9 0.56015625 0.13671875 0.009375 0.03984375
9 0.5671875 0.071875 0.0078125 0.03046875
9 0.5515625 0.09296875 0.0078125 0.02734375
9 0.546875 0.14140625 0.009375 0.0484375
9 0.51796875 0.14296875 0.009375 0.03671875
9 0.5296875 0.109375 0.00859375 0.0390625
9 0.49140625 0.17890625 0.009375 0.0421875
9 0.49921875 0.16796875 0.00859375 0.04765625
9 0.45625 0.1859375 0.01484375 0.04609375
9 0.4375 0.16484375 0.01015625 0.03515625
9 0.45546875 0.13515625 0.01015625 0.0390625
9 0.46796875 0.159375 0.00546875 0.04453125
9 0.475 0.14453125 0.01015625 0.0421875
9 0.49453125 0.13671875 0.009375 0.0375
9 0.50625 0.125 0.00859375 0.03203125
9 0.46875 0.11484375 0.0078125 0.028125
9 0.4765625 0.10234375 0.009375 0.0296875
9 0.4359375 0.128125 0.0078125 0.03125
9 0.44921875 0.12421875 0.01015625 0.046875
9 0.4453125 0.0953125 0.00625 0.02734375
9 0.5109375 0.10234375 0.00703125 0.0296875
9 0.49375 0.1046875 0.00546875 0.03203125
9 0.52421875 0.08203125 0.00625 0.03046875
8 0.60703125 0.9015625 0.125 0.19609375
8 0.5984375 0.54375 0.0859375 0.178125
8 0.5921875 0.36015625 0.0625 0.13125