9 0.81328125 0.21875 0.184375 0.065625
9 0.60703125 0.1 0.16875 0.0625
9 0.62109375 0.39140625 0.1375 0.0484375
9 0.5984375 0.42734375 0.1453125 0.0453125
9 0.62265625 0.47265625 0.1421875 0.04375
9 0.53046875 0.46171875 0.1078125 0.0359375
9 0.50703125 0.4015625 0.1078125 0.0390625
9 0.5359375 0.3625 0.1234375 0.0375
9 0.496875 0.334375 0.121875 0.0390625
9 0.5734375 0.71953125 0.1359375 0.0609375
9 0.56484375 0.8140625 0.128125 0.05
9 0.50703125 0.7703125 0.1 0.04375
9 0.43203125 0.61640625 0.1078125 0.0359375
9 0.42265625 0.646875 0.1078125 0.034375
9 0.45859375 0.41875 0.109375 0.034375
9 0.44296875 0.44921875 0.1046875 0.034375
9 0.40390625 0.45625 0.0875 0.028125
9 0.4203125 0.49375 0.09375 0.0359375
9 0.38046875 0.51953125 0.0890625 0.0328125
9 0.38671875 0.56015625 0.090625 0.0359375
9 0.37890625 0.57890625 0.0953125 0.028125
9 0.35625 0.60546875 0.071875 0.0296875
9 0.32109375 0.590625 0.0625 0.0265625
9 0.3078125 0.61328125 0.0671875 0.0234375
9 0.30390625 0.56171875 0.0421875 0.0234375
9 0.35703125 0.47734375 0.0390625 0.0234375
9 0.39609375 0.42578125 0.0828125 0.0265625
9 0.31875 0.465625 0.0453125 0.0203125
9 0.3234375 0.4984375 0.0765625 0.0265625
9 0.32265625 0.51953125 0.0671875 0.028125
9 0.3 0.52578125 0.0671875 0.021875
9 0.35234375 0.5453125 0.078125 0.03125
9 0.25703125 0.54296875 0.084375 0.034375
9 0.2671875 0.50234375 0.0421875 0.015625
9 0.271875 0.48828125 0.0390625 0.0171875
9 0.28359375 0.471875 0.0609375 0.021875
9 0.28125 0.43984375 0.040625 0.015625
9 0.25 0.41953125 0.0625 0.0203125
9 0.2328125 0.4265625 0.0578125 0.0203125
9 0.32734375 0.4453125 0.0515625 0.0171875
9 0.36484375 0.38125 0.0640625 0.0234375
9 0.3953125 0.39609375 0.06875 0.0296875
9 0.23515625 0.33671875 0.0625 0.01875
9 0.18515625 0.3296875 0.0484375 0.0203125
9 0.1125 0.3 0.0390625 0.015625
9 0.1296875 0.375 0.0453125 0.0171875
9 0.1546875 0.4078125 0.04375 0.01875
9 0.10234375 0.17578125 0.0390625 0.015625
9 0.075 0.1828125 0.0359375 0.0125
9 0.0890625 0.23984375 0.034375 0.0109375
9 0.06640625 0.21640625 0.0375 0.0125
9 0.10625 0.14921875 0.0375 0.0140625
9 0.27109375 0.0828125 0.065625 0.03125
8 0.371875 0.06875 0.13125 0.134375
8 0.1484375 0.1125 0.065625 0.0515625
8 0.37109375 0.33203125 0.1125 0.065625
8 0.27734375 0.29921875 0.0875 0.0546875
8 0.3015625 0.375 0.1203125 0.071875
8 0.20625 0.375 0.09375 0.059375
8 0.19921875 0.28203125 0.0875 0.0453125
8 0.1671875 0.26328125 0.06875 0.040625
9 0.5953125 0.66484375 0.1296875 0.05625
9 0.6140625 0.59453125 0.125 0.05
9 0.53984375 0.6109375 0.10625 0.046875
0 0.60546875 0.55625 0.1578125 0.0453125
0 0.6359375 0.51484375 0.1546875 0.05