8 0.1546875 0.51953125 0.29375 0.21875
8 0.49453125 0.53671875 0.040625 0.05
8 0.53125 0.534375 0.0265625 0.028125
8 0.5390625 0.5046875 0.0203125 0.0234375
8 0.553125 0.53515625 0.0140625 0.0203125
8 0.5625 0.509375 0.0140625 0.0171875
8 0.5609375 0.47265625 0.0140625 0.0171875
8 0.5421875 0.4515625 0.0171875 0.0203125
8 0.56796875 0.4828125 0.0109375 0.0125
8 0.5625 0.534375 0.0078125 0.015625
8 0.5703125 0.53125 0.0109375 0.015625
8 0.575 0.5125 0.0078125 0.0109375
8 0.58046875 0.515625 0.0046875 0.009375
3 0.578125 0.53125 0.0109375 0.015625
9 0.48125 0.47890625 0.0296875 0.0203125
9 0.4734375 0.4484375 0.0296875 0.0171875
9 0.4765625 0.42109375 0.028125 0.0203125
9 0.49921875 0.44140625 0.0234375 0.0171875
9 0.53515625 0.4734375 0.0140625 0.009375
9 0.53828125 0.465625 0.015625 0.009375
9 0.55 0.484375 0.0125 0.009375
9 0.55703125 0.49453125 0.009375 0.009375
9 0.36875 0.31015625 0.05625 0.03125
0 0.4625 0.36796875 0.028125 0.0203125
1 0.375 0.3953125 0.1875 0.159375