9 0.56015625 0.93828125 0.0953125 0.1234375
9 0.32109375 0.61640625 0.046875 0.18046875
9 0.2609375 0.5109375 0.0421875 0.1625
9 0.1578125 0.59453125 0.04765625 0.17421875
9 0.48515625 0.54765625 0.04765625 0.1625
9 0.6546875 0.396875 0.034375 0.1171875
9 0.740625 0.45390625 0.0515625 0.13203125
9 0.89921875 0.553125 0.06796875 0.1578125
9 0.53828125 0.32265625 0.04375 0.11875
9 0.2203125 0.1328125 0.0328125 0.06171875
9 0.05234375 0.23515625 0.0296875 0.10546875
9 0.05859375 0.15234375 0.02109375 0.06328125
9 0.10546875 0.13984375 0.015625 0.06796875
8 0.86875 0.72109375 0.21953125 0.26015625
8 0.525 0.44609375 0.14609375 0.146875
8 0.35 0.203125 0.0859375 0.11640625
8 0.1703125 0.225 0.1 0.10546875
8 0.1765625 0.14921875 0.05859375 0.06171875
8 0.05078125 0.071875 0.04375 0.0640625
8 0.0625 0.040625 0.0359375 0.0546875