8 0.53203125 0.54765625 0.06484375 0.096875
9 0.38671875 0.5765625 0.02578125 0.0859375
9 0.43203125 0.4625 0.021875 0.06796875
9 0.25703125 0.6796875 0.04296875 0.1046875
9 0.4953125 0.403125 0.00859375 0.028125
9 0.50703125 0.3921875 0.00625 0.02890625
9 0.44921875 0.3984375 0.0109375 0.028125
9 0.475 0.38828125 0.00703125 0.021875
9 0.49609375 0.371875 0.00546875 0.0203125
9 0.4890625 0.3546875 0.00546875 0.01796875
9 0.4765625 0.3734375 0.00546875 0.01796875
9 0.46640625 0.3703125 0.0078125 0.01640625