9 0.52109375 0.459375 0.0359375 0.03203125
9 0.4265625 0.4328125 0.02578125 0.02734375
9 0.4296875 0.38671875 0.01640625 0.01953125
9 0.45703125 0.38828125 0.0171875 0.0171875
9 0.4828125 0.38515625 0.0171875 0.01796875
9 0.459375 0.36640625 0.01328125 0.01328125
8 0.38125 0.38359375 0.04453125 0.0203125
7 0.3765625 0.36328125 0.03046875 0.02265625
7 0.3859375 0.34609375 0.02265625 0.01640625
9 0.4453125 0.359375 0.009375 0.01015625
9 0.42109375 0.36484375 0.0140625 0.01171875
9 0.403125 0.35078125 0.01015625 0.00859375