8 0.66953125 0.78203125 0.1109375 0.19140625
8 0.4296875 0.47578125 0.0421875 0.06328125
8 0.60078125 0.54609375 0.06015625 0.071875
8 0.58359375 0.46875 0.046875 0.053125
8 0.528125 0.41171875 0.0203125 0.03125
8 0.5546875 0.39140625 0.021875 0.0296875
8 0.47890625 0.40390625 0.01796875 0.02109375
8 0.4953125 0.3859375 0.0171875 0.0234375
8 0.53046875 0.37265625 0.01875 0.01875
8 0.51328125 0.36328125 0.01328125 0.0140625
8 0.4953125 0.35625 0.01015625 0.01328125
8 0.4796875 0.3515625 0.01171875 0.01328125
8 0.5359375 0.34765625 0.01875 0.01328125
9 0.553125 0.43359375 0.009375 0.02890625
9 0.590625 0.49140625 0.01484375 0.03203125
9 0.62734375 0.46640625 0.0140625 0.040625
9 0.47265625 0.4265625 0.00703125 0.0296875
9 0.45390625 0.4296875 0.00625 0.0296875
9 0.4390625 0.43125 0.0078125 0.02578125
9 0.4125 0.4296875 0.0078125 0.021875
9 0.40546875 0.45625 0.01015625 0.0375
9 0.40859375 0.40859375 0.01015625 0.02578125
9 0.43046875 0.41875 0.009375 0.02265625
9 0.4296875 0.39921875 0.00703125 0.01484375
9 0.44296875 0.4125 0.0078125 0.01640625
9 0.44140625 0.3984375 0.00625 0.0125
9 0.4203125 0.38828125 0.0046875 0.02109375
9 0.38046875 0.4640625 0.0125 0.03828125
9 0.3640625 0.45625 0.009375 0.02890625
9 0.3625 0.4875 0.0125 0.0390625
9 0.3453125 0.50625 0.01640625 0.04609375
9 0.33046875 0.5484375 0.02109375 0.0671875
9 0.34921875 0.44375 0.00703125 0.03515625
9 0.36796875 0.42890625 0.00859375 0.0296875
9 0.38359375 0.4109375 0.0078125 0.0296875
9 0.40703125 0.3828125 0.00546875 0.0203125
9 0.43125 0.38125 0.00546875 0.01953125
9 0.45390625 0.3921875 0.00625 0.0234375
9 0.46015625 0.3875 0.00546875 0.02265625
9 0.471875 0.3859375 0.00390625 0.0140625
9 0.4765625 0.371875 0.00625 0.0171875
9 0.446875 0.38671875 0.00390625 0.02109375
9 0.44140625 0.38359375 0.0046875 0.0203125
9 0.4296875 0.3625 0.0046875 0.01796875
9 0.4375 0.3640625 0.0046875 0.01640625
1 0.5140625 0.55 0.09453125 0.23203125
9 0.64765625 0.61015625 0.02109375 0.08359375
9 0.24296875 0.6671875 0.034375 0.09375
9 0.11875 0.81640625 0.05234375 0.1328125
9 0.4625 0.36875 0.0046875 0.01484375
9 0.4546875 0.3609375 0.00390625 0.01484375
9 0.4484375 0.36328125 0.003125 0.0140625
9 0.4515625 0.371875 0.00234375 0.0140625
9 0.48671875 0.36875 0.003125 0.01640625
9 0.49140625 0.365625 0.00390625 0.01640625