9 0.7203125 0.78984375 0.065625 0.11875
9 0.73125 0.65546875 0.071875 0.1109375
9 0.4875 0.54296875 0.0453125 0.0640625
9 0.521875 0.4984375 0.021875 0.05
9 0.484375 0.4578125 0.021875 0.0421875
9 0.45390625 0.409375 0.0171875 0.0234375
9 0.35703125 0.425 0.0109375 0.028125
9 0.31875 0.4140625 0.0171875 0.025
9 0.3078125 0.39296875 0.0171875 0.0203125
9 0.42890625 0.396875 0.0109375 0.025
9 0.43515625 0.38828125 0.0109375 0.0234375
9 0.384375 0.35234375 0.0109375 0.0125
9 0.3515625 0.34375 0.0078125 0.009375
9 0.39140625 0.34765625 0.0078125 0.0125
9 0.378125 0.33984375 0.0046875 0.009375
9 0.36953125 0.340625 0.00625 0.009375
3 0.38671875 0.38828125 0.05 0.05
8 0.33046875 0.4703125 0.0734375 0.0609375
8 0.33203125 0.384375 0.0328125 0.0203125
8 0.33515625 0.35234375 0.0234375 0.015625
8 0.33515625 0.33046875 0.0109375 0.0078125
2 0.359375 0.33203125 0.015625 0.0171875