9 0.59375 0.903125 0.05703125 0.190625
9 0.65859375 0.80078125 0.0515625 0.2203125
9 0.37578125 0.88671875 0.05546875 0.1921875
9 0.3625 0.73828125 0.04765625 0.19296875
9 0.3734375 0.63515625 0.0375 0.14765625
9 0.42421875 0.621875 0.04375 0.15703125
9 0.49765625 0.57734375 0.0390625 0.15234375
9 0.5640625 0.621875 0.04609375 0.1671875
9 0.246875 0.5515625 0.04375 0.15546875
9 0.3921875 0.48359375 0.028125 0.128125
9 0.43125 0.503125 0.02890625 0.12890625
9 0.37109375 0.37734375 0.02578125 0.1140625
9 0.3984375 0.3765625 0.0203125 0.0984375
9 0.51796875 0.45390625 0.02890625 0.121875
9 0.55 0.4296875 0.02421875 0.11875
9 0.61171875 0.40234375 0.0265625 0.10859375
9 0.48046875 0.42421875 0.0265625 0.11875
9 0.4453125 0.3953125 0.02265625 0.10859375
9 0.41875 0.3546875 0.0234375 0.09609375
9 0.453125 0.31484375 0.0203125 0.09453125
9 0.58984375 0.33828125 0.02265625 0.1
9 0.615625 0.32578125 0.021875 0.09140625
9 0.61171875 0.22734375 0.0203125 0.07734375
9 0.5484375 0.26015625 0.0265625 0.075
9 0.53046875 0.328125 0.015625 0.09140625
9 0.546875 0.33984375 0.01640625 0.084375
9 0.57109375 0.37265625 0.021875 0.10703125
9 0.49609375 0.29296875 0.02734375 0.09140625
8 0.6640625 0.4421875 0.078125 0.13984375
8 0.72421875 0.31640625 0.06171875 0.12265625
4 0.4171875 0.23203125 0.08125 0.16953125