9 0.16171875 0.40390625 0.11875 0.0296875
9 0.21796875 0.4625 0.096875 0.0390625
9 0.37421875 0.63359375 0.06875 0.03125
9 0.33046875 0.44609375 0.090625 0.025
9 0.3125 0.31796875 0.0828125 0.0171875
9 0.275 0.2359375 0.090625 0.025
9 0.18671875 0.14921875 0.109375 0.0328125
9 0.20703125 0.10390625 0.1125 0.0203125
9 0.25859375 0.075 0.0875 0.0328125
9 0.30625 0.175 0.084375 0.0234375
9 0.31640625 0.25625 0.0703125 0.025
9 0.359375 0.28984375 0.0703125 0.0171875
9 0.37734375 0.26484375 0.0703125 0.0203125
9 0.39375 0.23359375 0.0578125 0.0234375
9 0.41484375 0.2125 0.065625 0.0265625
9 0.459375 0.1640625 0.0578125 0.0203125
9 0.4390625 0.24453125 0.0625 0.0171875
9 0.43515625 0.2671875 0.059375 0.0203125
9 0.43671875 0.290625 0.0625 0.015625
9 0.4171875 0.3078125 0.0625 0.0140625
9 0.40703125 0.33515625 0.0609375 0.0171875
9 0.3703125 0.36953125 0.0734375 0.0234375
9 0.3703125 0.39609375 0.071875 0.0171875
9 0.43828125 0.41015625 0.065625 0.0203125
9 0.4390625 0.3875 0.05625 0.01875
9 0.42890625 0.36484375 0.05625 0.0203125
9 0.4578125 0.3453125 0.053125 0.0140625
9 0.48828125 0.3578125 0.0421875 0.01875
9 0.48359375 0.384375 0.04375 0.009375
9 0.49609375 0.39296875 0.05 0.0140625
9 0.44609375 0.321875 0.059375 0.0140625
9 0.47890625 0.32578125 0.05 0.0203125
9 0.47421875 0.2984375 0.0421875 0.015625
9 0.54140625 0.46171875 0.0375 0.0140625
9 0.5546875 0.30703125 0.040625 0.0125
9 0.61640625 0.29375 0.034375 0.0078125
9 0.6453125 0.296875 0.021875 0.009375
9 0.609375 0.23125 0.0296875 0.00625
9 0.61796875 0.24140625 0.03125 0.00625
9 0.6359375 0.25234375 0.021875 0.00625
9 0.69765625 0.340625 0.0203125 0.003125
9 0.68203125 0.28671875 0.015625 0.00625
9 0.6640625 0.2984375 0.0171875 0.0078125
8 0.4834255234375 0.5582381234375 0.4861645171875 0.528651790625 0.47074060781249993 0.520974028125 0.41738954218749996 0.5215244890624999 0.39261270000000004 0.5403542015625 0.370290440625 0.5458913937500001 0.37171080624999997 0.5918491078125 0.378298890625 0.596409225 0.3982699890625 0.5982395281249999 0.43622300156250005 0.5885300515624999 0.4834255234375 0.5582381234375
3 0.5251258890625 0.461173334375 0.5168330296875 0.42694931875000003 0.4479804890625 0.4242657859375 0.3876017953125 0.445437478125 0.3739860828125 0.46149859375 0.3800053484375 0.49864633906250005 0.393259084375 0.50332280625 0.437748471875 0.50113595625 0.491383946875 0.48429167968750003 0.5251258890625 0.461173334375
8 0.496875 0.49140625 0.0765625 0.046875
8 0.4202370015625 0.10373277656249999 0.385229825 0.072005871875 0.34559789375 0.050570193750000006 0.3121662140625 0.055913471874999995 0.3200195328125 0.11531883750000001 0.383600934375 0.165324990625 0.41465559531249996 0.16883046562499998 0.4302863484375 0.16465818125 0.435143803125 0.141035653125 0.4202370015625 0.10373277656249999
8 0.53046875 0.21484375 0.090625 0.0421875
8 0.5171875 0.2828125 0.08125 0.0359375
8 0.5296875 0.33828125 0.0578125 0.0359375
8 0.56953125 0.33203125 0.0390625 0.0375
8 0.60078125 0.37890625 0.046875 0.0265625
8 0.5734375 0.41484375 0.0421875 0.0296875
8 0.53046875 0.41875 0.0421875 0.0421875
8 0.60078125 0.26328125 0.046875 0.0296875
8 0.5953125 0.3328125 0.01875 0.025
8 0.615625 0.33046875 0.01875 0.01875
8 0.63984375 0.32734375 0.015625 0.0203125
8 0.65703125 0.3234375 0.0171875 0.0171875
8 0.6296875 0.37109375 0.015625 0.01875
8 0.64296875 0.36328125 0.009375 0.0203125
8 0.659375 0.36875 0.01875 0.028125
8 0.7234375 0.38359375 0.025 0.0125
8 0.69140625 0.3046875 0.0234375 0.0140625
8 0.67890625 0.31875 0.015625 0.0140625
8 0.71328125 0.34140625 0.01875 0.0125
8 0.7171875 0.325 0.0125 0.0125
8 0.6953125 0.28046875 0.0171875 0.0125
9 0.12265625 0.02890625 0.1609375 0.0578125