9 0.93046875 0.69140625 0.1390625 0.0890625
9 0.8296875 0.575 0.1703125 0.0890625
9 0.74921875 0.5765625 0.146875 0.0765625
9 0.66015625 0.4671875 0.125 0.065625
9 0.640625 0.64765625 0.1046875 0.0578125
9 0.60625 0.56328125 0.1046875 0.0546875
9 0.575 0.51953125 0.1 0.0484375
9 0.628125 0.36484375 0.1296875 0.075
9 0.59921875 0.44921875 0.103125 0.0515625
9 0.55625 0.43671875 0.1015625 0.053125
9 0.49140625 0.4875 0.084375 0.040625
9 0.55546875 0.65859375 0.0890625 0.0484375
9 0.53125 0.35625 0.090625 0.0453125
9 0.55234375 0.246875 0.121875 0.0671875
9 0.47421875 0.30078125 0.0921875 0.05
9 0.4859375 0.35546875 0.084375 0.0421875
9 0.46328125 0.42109375 0.0734375 0.0375
9 0.45546875 0.3859375 0.071875 0.0375
9 0.4359375 0.4140625 0.075 0.0359375
9 0.43046875 0.4921875 0.071875 0.0375
9 0.50234375 0.6171875 0.075 0.0390625
9 0.48984375 0.59296875 0.071875 0.034375
9 0.51484375 0.553125 0.071875 0.0375
9 0.48046875 0.6453125 0.065625 0.03125
9 0.478125 0.6875 0.065625 0.0328125
9 0.47109375 0.665625 0.0640625 0.0296875
9 0.39765625 0.68984375 0.05 0.0234375
8 0.4765625 0.753125 0.0703125 0.0515625
8 0.40390625 0.746875 0.05625 0.0421875
8 0.75 0.68828125 0.15 0.13125
8 0.50234375 0.53828125 0.0765625 0.059375
8 0.4765625 0.5625 0.071875 0.0546875
8 0.43984375 0.5859375 0.065625 0.05
8 0.39140625 0.58203125 0.0640625 0.0421875
4 0.3734375 0.521875 0.1078125 0.078125
8 0.41015625 0.35234375 0.075 0.0578125