8 0.5640625 0.93671875 0.1703125 0.1234375
8 0.765625 0.81171875 0.140625 0.084375
8 0.49765625 0.73984375 0.1203125 0.06640625
8 0.4875 0.68671875 0.1 0.046875
8 0.62734375 0.6625 0.09609375 0.05546875
8 0.45390625 0.6453125 0.0984375 0.0453125
8 0.28984375 0.68125 0.09453125 0.06015625
8 0.328125 0.559375 0.05390625 0.0421875
1 0.45 0.58828125 0.08984375 0.09296875
1 0.38203125 0.4890625 0.03125 0.03046875
8 0.3390625 0.4796875 0.01875 0.0125
8 0.45 0.503125 0.02734375 0.01640625
8 0.43359375 0.49140625 0.021875 0.0109375
3 0.4328125 0.48359375 0.02734375 0.01875
8 0.41015625 0.4734375 0.01640625 0.01015625
3 0.36953125 0.4671875 0.0171875 0.0171875
3 0.39140625 0.4625 0.0140625 0.0109375
8 0.34296875 0.4703125 0.01484375 0.009375
9 0.425 0.503125 0.009375 0.015625