9 0.4046875 0.940625 0.04375 0.11796875
9 0.04375 0.9125 0.053125 0.175
9 0.2328125 0.7703125 0.0375 0.1734375
9 0.1296875 0.73515625 0.053125 0.178125
9 0.19921875 0.6375 0.03125 0.1359375
9 0.2953125 0.6359375 0.0234375 0.1640625
9 0.41953125 0.67890625 0.03125 0.1609375
9 0.50703125 0.73046875 0.028125 0.17578125
8 0.603125 0.8953125 0.1359375 0.20859375
8 0.60078125 0.5484375 0.09609375 0.18984375
8 0.590625 0.37578125 0.06171875 0.12265625
9 0.7796875 0.575 0.03203125 0.146875
9 0.48359375 0.61015625 0.0265625 0.13671875
9 0.36484375 0.596875 0.021875 0.1421875
9 0.39609375 0.56015625 0.0203125 0.13046875
9 0.4375 0.5125 0.01953125 0.12734375
9 0.4703125 0.4578125 0.02109375 0.1203125
9 0.50859375 0.4125 0.0203125 0.10234375
9 0.265625 0.58671875 0.0234375 0.128125
9 0.21484375 0.5671875 0.021875 0.1203125
9 0.24453125 0.5 0.01796875 0.121875
9 0.27421875 0.45234375 0.0203125 0.11171875
9 0.3234375 0.45 0.01796875 0.10859375
9 0.29921875 0.3828125 0.0171875 0.0890625
9 0.340625 0.3125 0.01640625 0.09921875
9 0.375 0.509375 0.01640625 0.09140625
9 0.4 0.46796875 0.01484375 0.090625
9 0.40234375 0.42109375 0.01796875 0.096875
9 0.38984375 0.3890625 0.01640625 0.10390625
9 0.4 0.3015625 0.0125 0.0765625
9 0.4359375 0.325 0.0125 0.0875
9 0.375 0.27109375 0.0125 0.08046875
9 0.50390625 0.3 0.0171875 0.0796875
9 0.5484375 0.28515625 0.0125 0.08046875
9 0.628125 0.2859375 0.0171875 0.07109375
9 0.54765625 0.20703125 0.0140625 0.05625
9 0.56171875 0.17890625 0.01015625 0.05
9 0.51171875 0.25859375 0.01015625 0.04921875
9 0.50859375 0.23125 0.01328125 0.059375
9 0.4640625 0.28203125 0.01328125 0.0703125
9 0.43125 0.296875 0.01015625 0.065625
9 0.446875 0.2703125 0.01328125 0.0640625
9 0.4046875 0.228125 0.009375 0.05546875
9 0.38828125 0.2125 0.009375 0.05078125
9 0.42109375 0.23828125 0.01015625 0.05390625
9 0.4703125 0.2484375 0.0125 0.04609375
9 0.48125 0.2109375 0.009375 0.0546875
9 0.4625 0.21875 0.01015625 0.05234375
9 0.4421875 0.21640625 0.01015625 0.0453125
9 0.490625 0.17734375 0.0125 0.0484375
9 0.45546875 0.18046875 0.00703125 0.04140625
9 0.4640625 0.184375 0.00625 0.03359375
9 0.5171875 0.1421875 0.00625 0.04375
9 0.546875 0.14296875 0.00859375 0.04375
9 0.5609375 0.13671875 0.009375 0.04453125
9 0.5515625 0.09375 0.00859375 0.034375
9 0.5671875 0.07265625 0.00625 0.0328125
9 0.528125 0.11015625 0.00859375 0.0453125
9 0.509375 0.0984375 0.00703125 0.0296875
9 0.49921875 0.16796875 0.0078125 0.04921875
9 0.4375 0.16328125 0.01328125 0.03359375
9 0.42890625 0.19296875 0.01171875 0.01640625
9 0.43125 0.21953125 0.00703125 0.0375