8 0.675 0.90546875 0.196875 0.1640625
8 0.8375 0.73203125 0.1578125 0.1171875
8 0.56015625 0.73203125 0.1328125 0.09375
8 0.5359375 0.68359375 0.109375 0.071875
8 0.66484375 0.62421875 0.1078125 0.0796875
8 0.49296875 0.65234375 0.10625 0.06875
8 0.34375 0.7296875 0.10625 0.08125
8 0.34921875 0.6015625 0.0625 0.0546875
1 0.47421875 0.5984375 0.1125 0.1140625
1 0.38359375 0.5203125 0.0375 0.0375
8 0.3390625 0.521875 0.021875 0.0171875
8 0.45234375 0.515625 0.03125 0.021875
8 0.43359375 0.50859375 0.0234375 0.015625
3 0.43046875 0.5015625 0.03125 0.025
8 0.40625 0.49765625 0.0171875 0.0125
3 0.365625 0.50234375 0.0203125 0.0203125
3 0.38515625 0.4921875 0.0171875 0.0140625
8 0.340625 0.51171875 0.0171875 0.0125
9 0.428125 0.52265625 0.0125 0.0171875