9 0.6671875 0.83828125 0.04453125 0.203125
9 0.4375 0.9125 0.040625 0.17421875
9 0.47734375 0.70234375 0.0296875 0.165625
9 0.36015625 0.67109375 0.0375 0.17265625
9 0.29375 0.6046875 0.03359375 0.1515625
9 0.44375 0.60078125 0.028125 0.14140625
9 0.4046875 0.534375 0.025 0.12265625
9 0.44609375 0.45859375 0.0203125 0.10390625
9 0.49375 0.446875 0.021875 0.10625
9 0.53125 0.3703125 0.0171875 0.08828125
9 0.45859375 0.3796875 0.0125 0.08125
9 0.4078125 0.39453125 0.0171875 0.084375
9 0.38046875 0.37109375 0.01484375 0.08125
9 0.35234375 0.42578125 0.02578125 0.09375
9 0.328125 0.39375 0.0171875 0.0921875
9 0.3578125 0.34609375 0.01171875 0.07734375
9 0.33203125 0.290625 0.01171875 0.06796875
9 0.41640625 0.346875 0.01796875 0.06875
9 0.46484375 0.31328125 0.0125 0.05546875
9 0.459375 0.33203125 0.015625 0.0484375
9 0.45234375 0.26796875 0.01328125 0.06171875
9 0.43203125 0.25390625 0.015625 0.06171875
9 0.39453125 0.2984375 0.01171875 0.0640625
9 0.3734375 0.2953125 0.01171875 0.059375
9 0.37109375 0.2390625 0.0125 0.05078125
9 0.3625 0.21796875 0.00859375 0.04375
9 0.3921875 0.23515625 0.01015625 0.04921875
9 0.40546875 0.2734375 0.0078125 0.059375
9 0.37421875 0.1984375 0.00703125 0.0421875
9 0.4140625 0.2015625 0.0078125 0.04609375
9 0.43359375 0.18984375 0.009375 0.040625
9 0.45859375 0.19609375 0.00859375 0.04296875
9 0.4375 0.1484375 0.009375 0.03125
9 0.4265625 0.1703125 0.0078125 0.0375
9 0.38359375 0.1734375 0.00703125 0.0390625
9 0.38046875 0.15703125 0.00859375 0.03515625
9 0.40703125 0.17734375 0.009375 0.03203125
9 0.40625 0.1484375 0.009375 0.0265625
9 0.40078125 0.1265625 0.0046875 0.02578125
9 0.40703125 0.134375 0.00390625 0.021875
9 0.42265625 0.0921875 0.00703125 0.0203125
9 0.44375 0.0890625 0.0046875 0.0203125
9 0.43671875 0.08125 0.00390625 0.01484375
9 0.45 0.0796875 0.00234375 0.01640625
9 0.45859375 0.07734375 0.00390625 0.01484375
8 0.48984375 0.2078125 0.03046875 0.0546875
8 0.55 0.21875 0.03671875 0.04453125
8 0.50859375 0.13046875 0.01953125 0.028125
8 0.47109375 0.11796875 0.01484375 0.0296875
8 0.4796875 0.0796875 0.009375 0.01875
8 0.46875 0.06328125 0.009375 0.01796875
9 0.3359375 0.20234375 0.0125 0.0484375
0 0.28203125 0.428125 0.0203125 0.09921875
9 0.09921875 0.4359375 0.0234375 0.0921875
9 0.1015625 0.365625 0.0265625 0.07890625
9 0.1859375 0.29140625 0.01484375 0.06328125
9 0.196875 0.24765625 0.01015625 0.05625
9 0.21953125 0.21640625 0.01015625 0.02109375
9 0.25546875 0.23828125 0.00859375 0.04765625
9 0.26953125 0.221875 0.00859375 0.05625
9 0.2546875 0.20234375 0.0078125 0.02421875
9 0.24453125 0.2046875 0.0125 0.0421875
9 0.28125 0.20390625 0.01015625 0.0421875
9 0.2640625 0.184375 0.00859375 0.03359375
9 0.28203125 0.1734375 0.00703125 0.02734375
9 0.29765625 0.17421875 0.00859375 0.03125
9 0.290625 0.16328125 0.00859375 0.028125
8 0.23046875 0.26171875 0.0359375 0.07421875