9 0.334375 0.67421875 0.059375 0.0921875
9 0.47265625 0.521875 0.01875 0.0375
9 0.446875 0.5125 0.021875 0.03125
9 0.515625 0.44296875 0.009375 0.015625
9 0.5078125 0.440625 0.0078125 0.0125
8 0.54609375 0.540625 0.0671875 0.053125
8 0.359375 0.478125 0.04375 0.03125
8 0.5609375 0.49296875 0.04375 0.034375
8 0.5 0.47578125 0.0546875 0.0546875
8 0.56015625 0.453125 0.028125 0.01875
8 0.53359375 0.4390625 0.021875 0.01875
8 0.47578125 0.4484375 0.025 0.01875
8 0.49921875 0.4328125 0.0234375 0.015625