9 0.72578125 0.884375 0.1296875 0.06640625
9 0.68828125 0.66015625 0.115625 0.06796875
9 0.50234375 0.50703125 0.0421875 0.03359375
9 0.44296875 0.47734375 0.02890625 0.028125
9 0.375 0.46875 0.0359375 0.02265625
9 0.47265625 0.46953125 0.02734375 0.02421875
9 0.484375 0.45 0.0203125 0.01796875
9 0.43046875 0.42265625 0.01484375 0.01796875
9 0.346875 0.425 0.0171875 0.015625
9 0.35078125 0.40703125 0.0125 0.0109375
9 0.359375 0.40234375 0.00703125 0.01171875
8 0.321875 0.38125 0.0125 0.00625
3 0.38828125 0.41796875 0.0421875 0.028125
8 0.3765625 0.3921875 0.02890625 0.00703125
9 0.35625 0.3875 0.009375 0.009375
8 0.3671875 0.37890625 0.01640625 0.0078125
3 0.33828125 0.37578125 0.0109375 0.00625
8 0.33984375 0.62109375 0.1625 0.1
3 0.32734375 0.41328125 0.04140625 0.021875