9 0.8671875 0.65 0.08984375 0.11015625
9 0.715625 0.66796875 0.07578125 0.11484375
9 0.54453125 0.578125 0.06640625 0.09453125
9 0.553125 0.2828125 0.02734375 0.0359375
9 0.5359375 0.23671875 0.009375 0.02109375
9 0.51640625 0.221875 0.0109375 0.01484375
9 0.490625 0.215625 0.009375 0.0140625
9 0.496875 0.20546875 0.0078125 0.009375
9 0.48359375 0.1984375 0.009375 0.01171875
3 0.45859375 0.20234375 0.028125 0.0234375
8 0.41640625 0.18203125 0.015625 0.009375
9 0.4421875 0.18125 0.00546875 0.00859375
9 0.465625 0.1859375 0.00625 0.009375
9 0.46015625 0.1828125 0.00546875 0.00703125
9 0.45546875 0.17890625 0.00546875 0.00546875