8 0.40859375 0.93984375 0.16015625 0.11953125
8 0.1515625 0.80546875 0.13984375 0.240625
8 0.62265625 0.89296875 0.1640625 0.2140625
8 0.38515625 0.7453125 0.1390625 0.215625
8 0.21796875 0.66953125 0.1109375 0.1625
8 0.81796875 0.86484375 0.16484375 0.24609375
8 0.5609375 0.7140625 0.1265625 0.15546875
8 0.74140625 0.72421875 0.14296875 0.15703125
8 0.68125 0.66171875 0.10859375 0.16171875
8 0.4890625 0.575 0.1015625 0.13046875
8 0.171875 0.55390625 0.09921875 0.1484375
8 0.63984375 0.59296875 0.0859375 0.11796875
8 0.365625 0.615625 0.12109375 0.128125
8 0.33828125 0.5578125 0.103125 0.1265625
8 0.3484375 0.5 0.0890625 0.10078125
8 0.20546875 0.5109375 0.08203125 0.11796875
8 0.58671875 0.49765625 0.084375 0.10234375
8 0.47265625 0.5359375 0.096875 0.09375
8 0.2296875 0.46171875 0.08203125 0.13046875
8 0.32578125 0.4671875 0.06875 0.09921875
8 0.21640625 0.415625 0.06796875 0.08046875
8 0.4421875 0.43125 0.08046875 0.11015625
9 0.52109375 0.30546875 0.02109375 0.0640625
9 0.54609375 0.27421875 0.021875 0.0609375
9 0.58671875 0.340625 0.025 0.0671875
9 0.57109375 0.37734375 0.0265625 0.0796875
9 0.62109375 0.384375 0.02421875 0.07890625
9 0.59140625 0.40390625 0.0234375 0.084375
9 0.65546875 0.41640625 0.0296875 0.08828125
9 0.64375 0.475 0.03046875 0.0953125
9 0.709375 0.4625 0.03203125 0.09140625
9 0.8390625 0.89765625 0.0328125 0.1140625
9 0.7546875 0.58671875 0.0359375 0.11953125
9 0.81484375 0.57734375 0.03515625 0.1296875
9 0.8390625 0.7109375 0.05234375 0.134375
9 0.85 0.66484375 0.0359375 0.1171875
9 0.8765625 0.66015625 0.03671875 0.1390625
9 0.95859375 0.68515625 0.0484375 0.15
9 0.91796875 0.859375 0.04375 0.18671875
9 0.9703125 0.90625 0.05859375 0.18671875
9 0.9578125 0.79453125 0.05 0.1328125
9 0.7015625 0.5203125 0.03359375 0.11484375