8 0.271875 0.7234375 0.20625 0.0734375
8 0.25390625 0.6375 0.1953125 0.065625
8 0.3265625 0.4640625 0.165625 0.0609375
8 0.11484375 0.4703125 0.146875 0.053125
8 0.13828125 0.359375 0.146875 0.0546875
8 0.47109375 0.34453125 0.1640625 0.0609375
2 0.2140625 0.53515625 0.3921875 0.115625
9 0.43671875 0.58125 0.0546875 0.021875
9 0.36328125 0.5859375 0.0734375 0.0265625
9 0.29921875 0.58828125 0.0734375 0.0328125
9 0.540625 0.44453125 0.05 0.0296875
9 0.64921875 0.43671875 0.06875 0.0234375
9 0.78203125 0.40703125 0.0734375 0.040625
9 0.61953125 0.2578125 0.0546875 0.028125
9 0.76640625 0.23359375 0.04375 0.025
9 0.8171875 0.24296875 0.0515625 0.034375
9 0.40703125 0.84375 0.0625 0.0390625
9 0.3265625 0.78984375 0.0515625 0.025
9 0.16015625 0.83125 0.0671875 0.0265625
9 0.19921875 0.89375 0.0640625 0.021875
9 0.4703125 0.90390625 0.0703125 0.0296875