9 0.6578125 0.41796875 0.08203125 0.08515625
9 0.60390625 0.22109375 0.04765625 0.05625
9 0.56015625 0.1203125 0.0328125 0.03671875
9 0.54375 0.10703125 0.0234375 0.02890625
9 0.56171875 0.09609375 0.028125 0.0296875
9 0.49453125 0.09375 0.0203125 0.03515625
9 0.49609375 0.06328125 0.0203125 0.025
9 0.47421875 0.05625 0.01484375 0.01796875
9 0.453125 0.04765625 0.0125 0.01640625
9 0.53359375 0.0609375 0.028125 0.0203125
9 0.496875 0.04296875 0.0109375 0.01640625
9 0.475 0.03984375 0.01171875 0.01484375
8 0.45703125 0.06484375 0.02890625 0.0203125
8 0.4671875 0.0765625 0.03515625 0.02578125
8 0.45546875 0.03046875 0.01953125 0.0125
8 0.528125 0.0453125 0.02578125 0.01328125
8 0.4484375 0.1375 0.06328125 0.04453125
8 0.55 0.1734375 0.07265625 0.04921875
8 0.42109375 0.44765625 0.1953125 0.15234375