8 0.33828125 0.74140625 0.215625 0.2015625
2 0.6134161781249999 0.907176175 0.623882309375 0.905989403125 0.632345775 0.9134273374999999 0.639388984375 0.911540115625 0.6611203796875 0.9040995859375001 0.6695644875 0.8953665187500001 0.7659548671875 0.868729984375 0.8120220937499999 0.84344535625 0.84321345 0.8350876578124999 0.8382105781250001 0.6916512703125 0.8315378984375 0.6667484953125 0.817229921875 0.65359730625 0.81842861875 0.6459968296875 0.8144039281250001 0.6470752421875 0.806951475 0.6434104546875 0.808559415625 0.6413619890625 0.782986175 0.63446455625 0.762029715625 0.616624346875 0.63290190625 0.5371818984375001 0.6004779796874999 0.524840815625 0.5129361140625 0.544253540625 0.46786538125000005 0.5611830640625 0.4652706234375 0.5796721359375 0.47296399375 0.6164335609375 0.49197101718749997 0.6873687390625001 0.510337559375 0.727740771875 0.5428001984375 0.7724238609375 0.55311251875 0.8109099687500001 0.5587596687499999 0.81991134375 0.5726584031249999 0.827510521875 0.6004945828125 0.8750508874999999 0.6134161781249999 0.907176175
9 0.815625 0.62890625 0.0609375 0.096875
9 0.609375 0.50859375 0.0546875 0.065625
9 0.40703125 0.4 0.025 0.0296875
9 0.3625 0.38203125 0.009375 0.0171875
9 0.34375 0.378125 0.0078125 0.015625
9 0.36171875 0.3703125 0.009375 0.015625
9 0.38046875 0.36875 0.0078125 0.0140625
9 0.36015625 0.35625 0.0078125 0.0125
9 0.3828125 0.35546875 0.009375 0.0140625
2 0.33671875 0.35390625 0.0265625 0.0234375
8 0.30703125 0.3625 0.01875 0.015625
8 0.3015625 0.340625 0.0109375 0.0078125
8 0.31484375 0.33828125 0.0109375 0.0078125
8 0.32109375 0.34296875 0.0140625 0.009375
8 0.32578125 0.34921875 0.0140625 0.009375
3 0.334375 0.340625 0.0125 0.0140625
8 0.32109375 0.4265625 0.0484375 0.04375