1 0.8125 0.334375 0.375 0.49375
8 0.390625 0.84140625 0.0859375 0.10625
8 0.271875 0.69140625 0.05 0.078125
8 0.21875 0.78515625 0.0328125 0.0453125
8 0.2078125 0.66796875 0.0328125 0.0390625
8 0.1828125 0.78046875 0.0203125 0.028125
8 0.17265625 0.66640625 0.0171875 0.025
8 0.1625 0.6828125 0.009375 0.0203125
8 0.1546875 0.73984375 0.015625 0.021875
8 0.140625 0.7515625 0.009375 0.021875
8 0.14296875 0.70390625 0.0125 0.0171875
3 0.12890625 0.7453125 0.01875 0.01875
3 0.1515625 0.68203125 0.015625 0.021875