9 0.69140625 0.490625 0.07734375 0.08046875
9 0.57890625 0.4109375 0.03203125 0.05234375
9 0.609375 0.40390625 0.02578125 0.04453125
9 0.60078125 0.3734375 0.034375 0.03828125
9 0.62109375 0.35234375 0.028125 0.03671875
9 0.57890625 0.29453125 0.01953125 0.01953125
9 0.2 0.32734375 0.0421875 0.03359375
8 0.4578125 0.40859375 0.1046875 0.0671875
8 0.58203125 0.3203125 0.05703125 0.0296875
8 0.53359375 0.28984375 0.0328125 0.0234375
8 0.50625 0.28203125 0.03515625 0.021875
8 0.6 0.275 0.03203125 0.02109375