7 0.23359375 0.51796875 0.146875 0.28828125
7 0.3609375 0.40078125 0.078125 0.19140625
7 0.7703125 0.5578125 0.1625 0.3015625
8 0.38671875 0.6015625 0.0546875 0.115625
8 0.5375 0.31015625 0.0234375 0.04375
8 0.5421875 0.2875 0.02109375 0.03828125
8 0.5640625 0.25625 0.0171875 0.03828125
8 0.46015625 0.296875 0.0203125 0.03359375
8 0.4125 0.32734375 0.02265625 0.046875
8 0.45546875 0.26171875 0.0171875 0.0375
8 0.38046875 0.27890625 0.01796875 0.03359375
8 0.52734375 0.2390625 0.0171875 0.02734375