8 0.3625 0.63984375 0.20625 0.1828125
1 0.590277778125 0.765625 0.6111111109375 0.8296875 0.7986111109375 0.83515625 0.8458333328125001 0.83515625 0.8763888890624999 0.8296875 0.8861111109375001 0.821875 0.9041666671874999 0.771875 0.9 0.7640625 0.902777778125 0.72265625 0.915277778125 0.69296875 0.7166666671875 0.5015625 0.7013888890625 0.49375 0.6736111109375 0.48984375 0.5625 0.4890625 0.5513888890625 0.49609375 0.534722221875 0.528125 0.5333333328125 0.56796875 0.5694444437499999 0.69453125 0.5722222218749999 0.73984375 0.590277778125 0.765625
9 0.88203125 0.6265625 0.06875 0.090625
9 0.696875 0.46953125 0.04453125 0.0515625
9 0.56953125 0.39375 0.01953125 0.03515625
9 0.58515625 0.3765625 0.01328125 0.02890625
9 0.63515625 0.3765625 0.028125 0.02890625
9 0.59453125 0.35546875 0.02265625 0.0234375
8 0.52421875 0.34921875 0.06875 0.034375
8 0.4 0.4125 0.08984375 0.06015625
3 0.41171875 0.32578125 0.06015625 0.05625
3 0.4890625 0.3 0.059375 0.04609375
9 0.5265625 0.30078125 0.01328125 0.02109375
8 0.4234375 0.29609375 0.04375 0.01484375
8 0.434375 0.2859375 0.03359375 0.0140625
8 0.41796875 0.275 0.02890625 0.015625
8 0.41953125 0.26015625 0.02734375 0.01328125
10 0.46953125 0.26953125 0.021875 0.0140625
9 0.48984375 0.2671875 0.00703125 0.01171875
9 0.4546875 0.2609375 0.00703125 0.01015625
9 0.44765625 0.25859375 0.00625 0.009375
9 0.471875 0.25078125 0.0046875 0.01015625
9 0.45078125 0.2484375 0.00625 0.009375
9 0.4421875 0.24765625 0.0046875 0.009375
9 0.459375 0.24765625 0.003125 0.0078125
9 0.46484375 0.2578125 0.0046875 0.00859375
8 0.42734375 0.24140625 0.015625 0.00703125
8 0.4734375 0.23984375 0.01484375 0.00859375
8 0.48828125 0.25234375 0.01640625 0.009375
3 0.44140625 0.23671875 0.01484375 0.0125
3 0.0796875 0.40703125 0.14140625 0.1125