9 0.7453125 0.46640625 0.06796875 0.06015625
9 0.853125 0.45859375 0.04921875 0.0609375
9 0.71875 0.39140625 0.0328125 0.040625
9 0.5703125 0.34453125 0.03203125 0.034375
9 0.60703125 0.315625 0.0203125 0.02109375
9 0.63984375 0.315625 0.0171875 0.02109375
9 0.5609375 0.29375 0.0140625 0.01796875
9 0.52890625 0.27421875 0.00859375 0.01640625
9 0.51640625 0.26953125 0.01171875 0.015625
9 0.51171875 0.2546875 0.00859375 0.01328125
8 0.51015625 0.35625 0.06640625 0.03359375
8 0.61171875 0.38515625 0.08515625 0.0421875
8 0.50234375 0.41953125 0.109375 0.06640625
8 0.5140625 0.28828125 0.03203125 0.0203125
8 0.4671875 0.2796875 0.0234375 0.01328125
3 0.48125 0.2953125 0.03046875 0.03046875
3 0.4875 0.265625 0.03125 0.02265625
3 0.4671875 0.25234375 0.01484375 0.01328125
8 0.53125 0.25625 0.01484375 0.00859375
8 0.51640625 0.24453125 0.0140625 0.00859375