9 0.6828125 0.43671875 0.0921875 0.0671875
9 0.5765625 0.52578125 0.059375 0.0421875
9 0.55625 0.47578125 0.053125 0.0390625
9 0.48984375 0.5359375 0.0296875 0.01875
9 0.5015625 0.48046875 0.0359375 0.028125
9 0.49375 0.5171875 0.0328125 0.0234375
9 0.4609375 0.50234375 0.0203125 0.0203125
8 0.45078125 0.55234375 0.0265625 0.03125
8 0.4859375 0.56796875 0.0421875 0.046875
8 0.53515625 0.59140625 0.0515625 0.075
8 0.57578125 0.83671875 0.065625 0.0921875
8 0.75078125 0.69921875 0.2453125 0.2546875
9 0.55234375 0.91953125 0.046875 0.04375