8 0.63203125 0.53046875 0.2140625 0.25
8 0.3453125 0.46328125 0.0859375 0.1328125
8 0.196875 0.57109375 0.025 0.0375
8 0.18203125 0.56875 0.0125 0.0234375
8 0.175 0.578125 0.0109375 0.021875
8 0.17109375 0.503125 0.015625 0.0203125
9 0.1796875 0.53359375 0.0109375 0.0078125
9 0.17578125 0.54375 0.0125 0.009375
9 0.171875 0.56015625 0.0109375 0.0078125
9 0.46484375 0.22890625 0.090625 0.0671875
9 0.28359375 0.246875 0.0453125 0.0359375
9 0.84375 0.053125 0.203125 0.10625
9 0.3609375 0.9515625 0.065625 0.0578125