9 0.62421875 0.1234375 0.115625 0.0984375
9 0.65234375 0.2734375 0.1203125 0.0828125
9 0.575 0.45 0.0984375 0.071875
9 0.2796875 0.4625 0.0375 0.03125
9 0.23515625 0.4828125 0.021875 0.0109375
9 0.22109375 0.503125 0.015625 0.0125
9 0.2171875 0.52890625 0.0140625 0.0109375
9 0.20625 0.5234375 0.009375 0.0078125
9 0.2 0.5375 0.0125 0.0109375
3 0.20625 0.56171875 0.025 0.0296875
8 0.18828125 0.60546875 0.0109375 0.015625
9 0.1859375 0.5796875 0.009375 0.00625
9 0.1890625 0.55625 0.009375 0.00625
9 0.18671875 0.56171875 0.00625 0.00625
9 0.1828125 0.5671875 0.00625 0.00625