9 0.43828125 0.47109375 0.0234375 0.0375
9 0.44921875 0.4421875 0.02109375 0.03203125
9 0.4984375 0.43984375 0.01796875 0.03125
9 0.48828125 0.41875 0.01796875 0.0296875
9 0.50625 0.3953125 0.01640625 0.01953125
9 0.528125 0.39453125 0.01171875 0.0203125
9 0.53984375 0.3890625 0.00703125 0.01875
9 0.54921875 0.38671875 0.0109375 0.01484375
9 0.5640625 0.3875 0.00859375 0.0171875
9 0.57421875 0.37109375 0.0078125 0.0171875
9 0.528125 0.38046875 0.01328125 0.01328125
9 0.5578125 0.3609375 0.00703125 0.01328125
9 0.55546875 0.35234375 0.003125 0.0125
9 0.56171875 0.353125 0.00546875 0.0125
9 0.57109375 0.35234375 0.00546875 0.01015625
8 0.47421875 0.5015625 0.0734375 0.05078125
8 0.5734375 0.48984375 0.0765625 0.059375
8 0.390625 0.41328125 0.04453125 0.03203125
8 0.540625 0.40390625 0.03046875 0.01953125
8 0.5875 0.39140625 0.0296875 0.01875
8 0.5890625 0.375 0.02265625 0.0140625
8 0.5875 0.36484375 0.02109375 0.01015625
8 0.5234375 0.36484375 0.02265625 0.0140625
8 0.50234375 0.3796875 0.02109375 0.015625
8 0.534375 0.35859375 0.01796875 0.01015625
8 0.5390625 0.353125 0.01875 0.0109375
8 0.5875 0.35390625 0.01796875 0.01484375
8 0.58046875 0.346875 0.0125 0.009375
3 0.575 0.43203125 0.05859375 0.0625
8 0.559375 0.3765625 0.01875 0.01796875
8 0.46484375 0.84296875 0.23671875 0.259375
8 0.590625 0.56875 0.08359375 0.0765625
9 0.1703125 0.77421875 0.09609375 0.14609375