9 0.40859375 0.75859375 0.075 0.13046875
9 0.75390625 0.61015625 0.09140625 0.10625
9 0.86953125 0.434375 0.06484375 0.07890625
9 0.61328125 0.44921875 0.0625 0.075
9 0.509375 0.378125 0.059375 0.0671875
9 0.67578125 0.3390625 0.05390625 0.05703125
9 0.57578125 0.2984375 0.04609375 0.053125
9 0.5484375 0.2109375 0.025 0.03515625
9 0.5796875 0.17421875 0.01328125 0.021875
9 0.515625 0.1671875 0.01015625 0.01953125
9 0.54609375 0.15546875 0.009375 0.0203125
9 0.5640625 0.15234375 0.0109375 0.0171875
9 0.534375 0.1484375 0.01015625 0.01796875
9 0.5515625 0.13828125 0.00625 0.0140625
9 0.53515625 0.1328125 0.0109375 0.0125
9 0.50703125 0.13046875 0.0078125 0.0125
9 0.5234375 0.1171875 0.00625 0.0109375
9 0.57578125 0.12890625 0.0078125 0.0125
9 0.55859375 0.13046875 0.00859375 0.01171875
9 0.5515625 0.13046875 0.0078125 0.01015625
9 0.54140625 0.125 0.00859375 0.01015625
9 0.54765625 0.121875 0.00859375 0.00859375
3 0.5078125 0.11640625 0.01953125 0.01953125
8 0.47890625 0.12734375 0.02890625 0.01171875
8 0.48125 0.11796875 0.02265625 0.0078125
8 0.48125 0.11171875 0.01875 0.00625
8 0.48046875 0.10625 0.0203125 0.00703125
8 0.5484375 0.1125 0.021875 0.00703125
8 0.5609375 0.1171875 0.01484375 0.0078125
8 0.5359375 0.1 0.01484375 0.0078125
9 0.5234375 0.0984375 0.0046875 0.00703125
9 0.51328125 0.09921875 0.00703125 0.00546875
9 0.509375 0.1046875 0.0046875 0.003125
9 0.50078125 0.10390625 0.00546875 0.003125
9 0.49296875 0.096875 0.0046875 0.00625
8 0.484375 0.09453125 0.0140625 0.0078125