9 0.2015625 0.13046875 0.1578125 0.06875
9 0.096875 0.52578125 0.1703125 0.071875
9 0.19453125 0.484375 0.1515625 0.0640625
9 0.334375 0.5734375 0.115625 0.05625
9 0.35859375 0.490625 0.09375 0.040625
9 0.30703125 0.22109375 0.1375 0.059375
9 0.415625 0.23984375 0.1 0.046875
9 0.36328125 0.29375 0.1109375 0.05
9 0.43515625 0.309375 0.0953125 0.0453125
9 0.42265625 0.35078125 0.1015625 0.0421875
9 0.453125 0.4015625 0.075 0.0328125
9 0.42734375 0.49375 0.0875 0.0390625
9 0.45390625 0.5109375 0.071875 0.0328125
9 0.465625 0.575 0.0765625 0.03125
9 0.47578125 0.60546875 0.0765625 0.03125
9 0.4578125 0.634375 0.0671875 0.03125
9 0.4140625 0.67578125 0.0796875 0.040625
9 0.49453125 0.66875 0.0625 0.03125
9 0.5 0.40859375 0.0546875 0.025
9 0.51640625 0.43828125 0.0671875 0.0296875
9 0.540625 0.41640625 0.0578125 0.025
9 0.5109375 0.48515625 0.0671875 0.0296875
9 0.48671875 0.5234375 0.05625 0.0296875
9 0.4921875 0.56171875 0.065625 0.0265625
9 0.5375 0.51640625 0.0484375 0.025
9 0.5640625 0.48046875 0.04375 0.021875
9 0.57578125 0.45078125 0.053125 0.0265625
9 0.60703125 0.475 0.0390625 0.01875
9 0.58828125 0.49140625 0.0421875 0.0203125
9 0.57734375 0.52890625 0.0421875 0.0171875
9 0.56171875 0.5359375 0.053125 0.0203125
9 0.54453125 0.54375 0.0546875 0.01875
9 0.5515625 0.55625 0.053125 0.0203125
9 0.56171875 0.58203125 0.0375 0.0203125
9 0.5203125 0.57734375 0.0453125 0.021875
9 0.5859375 0.58046875 0.0421875 0.0203125
9 0.58828125 0.5484375 0.034375 0.015625
9 0.61796875 0.54921875 0.0359375 0.015625
9 0.63984375 0.50078125 0.0375 0.0140625
9 0.6546875 0.4921875 0.034375 0.015625
9 0.640625 0.509375 0.03125 0.0125
9 0.634375 0.5640625 0.0296875 0.0125
9 0.66796875 0.51796875 0.0265625 0.0140625
8 0.625 0.5234375 0.046875 0.03125
8 0.625 0.59296875 0.0328125 0.0265625
8 0.5765625 0.634375 0.0625 0.0453125
3 0.61875 0.62578125 0.0609375 0.0453125
8 0.63046875 0.6671875 0.0359375 0.028125
8 0.5859375 0.7015625 0.0484375 0.040625
8 0.52890625 0.73203125 0.0640625 0.0578125
8 0.3703125 0.628125 0.109375 0.0890625
8 0.40234375 0.75390625 0.1125 0.103125
8 0.140625 0.740625 0.23125 0.18125
9 0.265625 0.8203125 0.1109375 0.0703125
9 0.3140625 0.74140625 0.103125 0.05625
9 0.221875 0.90625 0.1078125 0.0671875
9 0.13515625 0.91171875 0.153125 0.071875
9 0.5484375 0.6609375 0.053125 0.0265625
9 0.54140625 0.63046875 0.053125 0.0265625
9 0.578125 0.67890625 0.0515625 0.021875
9 0.6 0.6625 0.040625 0.0203125
9 0.640625 0.540625 0.03125 0.0125
9 0.63515625 0.55625 0.0296875 0.015625
9 0.65078125 0.578125 0.025 0.0109375