8 0.465625 0.62890625 0.2875 0.2484375
9 0.6703125 0.34453125 0.04375 0.05625
9 0.72734375 0.2703125 0.0359375 0.0421875
9 0.471875 0.18203125 0.0078125 0.0125
0 0.45 0.1859375 0.0078125 0.0109375
9 0.42109375 0.17890625 0.00625 0.009375
9 0.43984375 0.16640625 0.00625 0.00625
9 0.4375 0.175 0.0078125 0.0078125
3 0.3984375 0.16640625 0.0203125 0.01875
8 0.44609375 0.15859375 0.015625 0.0109375
8 0.47421875 0.17109375 0.0171875 0.0125
8 0.46484375 0.16875 0.0203125 0.009375
9 0.0453125 0.3359375 0.040625 0.040625
9 0.16484375 0.3078125 0.0296875 0.0375
9 0.10390625 0.30703125 0.0203125 0.0296875
9 0.084375 0.3046875 0.01875 0.0296875