9 0.815625 0.85546875 0.2328125 0.0984375
9 0.6578125 0.7171875 0.1765625 0.0765625
9 0.653125 0.634375 0.171875 0.0765625
9 0.60234375 0.74921875 0.153125 0.0640625
9 0.48515625 0.67578125 0.121875 0.05
9 0.55625 0.64765625 0.140625 0.0625
9 0.38984375 0.59453125 0.0953125 0.040625
9 0.37109375 0.6484375 0.096875 0.0421875
9 0.3359375 0.628125 0.0828125 0.0328125
9 0.30234375 0.60625 0.0703125 0.0296875
8 0.4203125 0.4140625 0.1359375 0.1171875
7 0.75859375 0.19921875 0.4828125 0.3921875
7 0.3796875 0.2171875 0.290625 0.225
7 0.45390625 0.0609375 0.3453125 0.121875
7 0.27109375 0.31484375 0.1625 0.1359375
7 0.22265625 0.39609375 0.1125 0.0875