8 0.5765625 0.53671875 0.1484375 0.1953125
8 0.40234375 0.54296875 0.071875 0.0859375
8 0.34453125 0.55859375 0.0296875 0.04375
8 0.315625 0.45859375 0.0359375 0.0546875
8 0.309375 0.49453125 0.0265625 0.0375
8 0.30546875 0.55703125 0.0171875 0.0265625
8 0.2953125 0.55625 0.0140625 0.0265625
8 0.2875 0.5578125 0.0140625 0.021875
1 0.284375 0.51875 0.0296875 0.0359375
3 0.26484375 0.53046875 0.021875 0.0265625
3 0.27578125 0.55703125 0.0203125 0.025
8 0.26328125 0.55234375 0.0078125 0.0125
8 0.25625 0.5109375 0.009375 0.0140625
8 0.265625 0.49375 0.009375 0.0171875
9 0.38125 0.41015625 0.0390625 0.0328125
9 0.3328125 0.40703125 0.03125 0.0265625
9 0.296875 0.45546875 0.0171875 0.0203125
9 0.284375 0.46875 0.015625 0.009375
9 0.29609375 0.49140625 0.0078125 0.0078125
9 0.28984375 0.4859375 0.0109375 0.0078125
9 0.28203125 0.48203125 0.0109375 0.009375