8 0.4296875 0.95859375 0.07578125 0.0828125
8 0.63984375 0.9546875 0.07265625 0.08359375
8 0.6046875 0.87421875 0.06484375 0.0625
8 0.4984375 0.89296875 0.0625 0.05625
8 0.4984375 0.8484375 0.05703125 0.0390625
8 0.49140625 0.821875 0.06328125 0.02890625
8 0.3984375 0.81484375 0.03828125 0.059375
8 0.41484375 0.73046875 0.02734375 0.03515625
8 0.4140625 0.65859375 0.0125 0.01640625
8 0.41953125 0.65078125 0.0109375 0.0140625
8 0.45234375 0.6421875 0.009375 0.0140625
8 0.4671875 0.65859375 0.0109375 0.01484375
8 0.4953125 0.7 0.015625 0.0234375
8 0.48515625 0.684375 0.0140625 0.01484375
9 0.4453125 0.696875 0.00859375 0.02421875
9 0.48515625 0.6921875 0.00625 0.02109375
1 0.44453125 0.66875 0.01796875 0.03125
3 0.4359375 0.64296875 0.01171875 0.01875
3 0.484375 0.67578125 0.01640625 0.0296875