9 0.44453125 0.87265625 0.05 0.11796875
9 0.37265625 0.8078125 0.05 0.09453125
9 0.56015625 0.634375 0.02421875 0.04140625
9 0.425 0.60078125 0.01953125 0.034375
9 0.53515625 0.56640625 0.0140625 0.02890625
9 0.50859375 0.565625 0.01484375 0.0234375
9 0.47109375 0.5734375 0.0109375 0.02421875
9 0.45546875 0.56484375 0.01015625 0.025
9 0.44296875 0.5453125 0.0125 0.01953125
9 0.45390625 0.52421875 0.01171875 0.015625
9 0.47734375 0.540625 0.01171875 0.01875
9 0.50703125 0.540625 0.0109375 0.01953125
9 0.525 0.5390625 0.01015625 0.01875
9 0.52421875 0.52109375 0.00703125 0.01328125
9 0.49453125 0.50703125 0.0078125 0.01015625
9 0.47109375 0.5015625 0.0046875 0.01015625
9 0.4796875 0.49140625 0.00703125 0.00625
8 0.51328125 0.4984375 0.0125 0.00859375
8 0.50625 0.49453125 0.01015625 0.00546875
8 0.50390625 0.48828125 0.00859375 0.00390625
8 0.50078125 0.48359375 0.00859375 0.0046875
10 0.490625 0.49140625 0.009375 0.00859375
9 0.484375 0.4828125 0.003125 0.0046875