9 0.96640625 0.91171875 0.0671875 0.13359375
9 0.84921875 0.9203125 0.04609375 0.1515625
9 0.77421875 0.93828125 0.05546875 0.1234375
9 0.65 0.90078125 0.0359375 0.12734375
9 0.46484375 0.86796875 0.0421875 0.1140625
9 0.6796875 0.75234375 0.04140625 0.11640625
9 0.72109375 0.6015625 0.021875 0.08359375
9 0.625 0.60390625 0.021875 0.0796875
9 0.5546875 0.6609375 0.025 0.09140625
9 0.58046875 0.57265625 0.01796875 0.06640625
9 0.44140625 0.54375 0.0109375 0.0609375
9 0.54765625 0.47578125 0.01171875 0.05703125
9 0.5828125 0.4453125 0.0125 0.04921875
9 0.61640625 0.43515625 0.01484375 0.05078125
9 0.66171875 0.43359375 0.01328125 0.04296875
9 0.5640625 0.403125 0.00859375 0.03984375
9 0.58125 0.4046875 0.0078125 0.03828125
9 0.571875 0.38515625 0.00703125 0.03515625
9 0.64375 0.39765625 0.0125 0.0421875
9 0.65703125 0.375 0.01171875 0.0390625
9 0.63828125 0.3578125 0.01171875 0.03515625
9 0.62109375 0.3859375 0.00859375 0.0359375
9 0.6171875 0.371875 0.01015625 0.040625
9 0.60234375 0.34765625 0.0109375 0.03671875
9 0.5859375 0.35078125 0.0078125 0.03515625
9 0.578125 0.34375 0.00859375 0.03046875
9 0.5578125 0.33828125 0.0078125 0.034375
9 0.55234375 0.328125 0.00703125 0.02890625
9 0.53671875 0.32265625 0.00625 0.03125
9 0.51171875 0.3859375 0.0078125 0.034375
9 0.503125 0.3734375 0.00703125 0.034375
9 0.49140625 0.36015625 0.00703125 0.03046875
9 0.48359375 0.38203125 0.00859375 0.0296875
9 0.46171875 0.35390625 0.00859375 0.028125
9 0.46875 0.32421875 0.00859375 0.0265625
9 0.51015625 0.309375 0.0046875 0.02265625
9 0.51796875 0.3046875 0.0046875 0.021875
9 0.53203125 0.30546875 0.0046875 0.01953125
9 0.54453125 0.30703125 0.00625 0.025
9 0.55625 0.30390625 0.0046875 0.01796875
9 0.571875 0.30625 0.00546875 0.02421875
9 0.578125 0.32265625 0.0046875 0.0203125
9 0.596875 0.334375 0.00703125 0.02421875
9 0.60625 0.3140625 0.0046875 0.02421875
9 0.58984375 0.28984375 0.00546875 0.02265625
9 0.58515625 0.27109375 0.00390625 0.02109375
9 0.5578125 0.28515625 0.00546875 0.01796875
9 0.5625 0.27734375 0.00546875 0.021875
9 0.44140625 0.346875 0.00625 0.028125
8 0.70390625 0.39921875 0.0265625 0.05703125
8 0.678125 0.34765625 0.03515625 0.0625
8 0.640625 0.53125 0.05390625 0.08515625
8 0.47578125 0.4375 0.034375 0.07109375
8 0.49140625 0.56171875 0.034375 0.08984375
8 0.53125 0.37265625 0.021875 0.04765625
8 0.49140625 0.30625 0.01875 0.03203125
8 0.525 0.28359375 0.01484375 0.02734375
8 0.3890625 0.71484375 0.07421875 0.12734375
9 0.9671875 0.68203125 0.04375 0.0734375