9 0.0890625 0.23125 0.178125 0.059375
9 0.18828125 0.36875 0.165625 0.0625
9 0.26796875 0.38125 0.14375 0.053125
9 0.33671875 0.5046875 0.1203125 0.0453125
9 0.38671875 0.33046875 0.1015625 0.040625
9 0.40703125 0.41953125 0.1015625 0.0375
9 0.4296875 0.46796875 0.0984375 0.03125
9 0.35 0.6109375 0.125 0.0546875
9 0.39375 0.5328125 0.1015625 0.034375
9 0.43359375 0.55234375 0.0984375 0.0375
9 0.50625 0.51328125 0.0828125 0.028125
9 0.47265625 0.334375 0.0859375 0.034375
9 0.44453125 0.6359375 0.0890625 0.03125
9 0.4046875 0.73984375 0.11875 0.0484375
9 0.490625 0.7 0.0890625 0.0359375
9 0.4890625 0.64453125 0.0828125 0.0296875
9 0.52265625 0.58359375 0.071875 0.0265625
9 0.52421875 0.61953125 0.0703125 0.0265625
9 0.5484375 0.59609375 0.0734375 0.0234375
9 0.5671875 0.51953125 0.0703125 0.0265625
9 0.51796875 0.384375 0.0734375 0.0265625
9 0.52578125 0.41015625 0.071875 0.021875
9 0.49453125 0.44453125 0.0703125 0.0265625
9 0.54453125 0.3609375 0.065625 0.0203125
9 0.55390625 0.31953125 0.0640625 0.0234375
9 0.55703125 0.34140625 0.0640625 0.0203125
9 0.63359375 0.33125 0.0484375 0.015625
8 0.56640625 0.2546875 0.065625 0.0421875
8 0.6375 0.2734375 0.0515625 0.034375
8 0.28671875 0.27109375 0.134375 0.1125
8 0.5046875 0.46171875 0.071875 0.0484375
8 0.53359375 0.44296875 0.0671875 0.0453125
8 0.57421875 0.42578125 0.0609375 0.0421875
8 0.62109375 0.43828125 0.0609375 0.0328125
4 0.628125 0.50078125 0.1 0.0625
8 0.56328125 0.6609375 0.06875 0.0484375