8 0.103125 0.3 0.1875 0.26875
8 0.42734375 0.37265625 0.1125 0.1265625
7 0.5859375 0.1046875 0.140625 0.159375
8 0.46875 0.49609375 0.0828125 0.0859375
8 0.53046875 0.403125 0.0578125 0.0703125
8 0.5734375 0.41015625 0.0421875 0.05
8 0.56015625 0.4796875 0.0421875 0.05
8 0.578125 0.5328125 0.059375 0.0640625
8 0.61015625 0.4640625 0.0265625 0.03125
7 0.60546875 0.4265625 0.053125 0.053125
9 0.4015625 0.55234375 0.0734375 0.0546875
9 0.4125 0.659375 0.065625 0.046875
9 0.4609375 0.56640625 0.05625 0.046875
9 0.52109375 0.534375 0.04375 0.034375
9 0.5140625 0.49375 0.040625 0.0359375
9 0.5453125 0.46484375 0.0390625 0.0328125
9 0.53671875 0.496875 0.0359375 0.03125
9 0.51953125 0.534375 0.0421875 0.0328125
9 0.55390625 0.51328125 0.0359375 0.0296875