9 0.2203125 0.69140625 0.07890625 0.12578125
9 0.3171875 0.55390625 0.05390625 0.06875
9 0.396875 0.54921875 0.04609375 0.06875
9 0.41328125 0.47421875 0.0359375 0.0578125
9 0.46484375 0.415625 0.021875 0.025
9 0.54375 0.41171875 0.0171875 0.0265625
9 0.5140625 0.40859375 0.01484375 0.021875
8 0.3828125 0.403125 0.04296875 0.03828125
8 0.50625 0.43984375 0.04609375 0.03984375
8 0.54375 0.38515625 0.028125 0.0234375
8 0.58515625 0.4109375 0.040625 0.03203125
8 0.54453125 0.734375 0.18046875 0.209375
8 0.23515625 0.85703125 0.23359375 0.1796875
7 0.5609375 0.50703125 0.0984375 0.12265625
8 0.5875 0.38359375 0.0359375 0.0203125