9 0.94140625 0.54609375 0.0734375 0.284375
9 0.85 0.27421875 0.05078125 0.19296875
9 0.5328125 0.625 0.04453125 0.1234375
9 0.46484375 0.696875 0.05546875 0.15390625
9 0.41796875 0.66640625 0.0578125 0.21328125
9 0.65078125 0.67734375 0.07265625 0.228125
9 0.46015625 0.059375 0.0375 0.1109375
9 0.49296875 0.09765625 0.0375 0.12109375
9 0.16328125 0.06640625 0.04609375 0.13203125
9 0.9453125 0.06953125 0.05234375 0.13828125
8 0.1796875 0.540625 0.16171875 0.22734375
8 0.3296875 0.8453125 0.13515625 0.225
8 0.3046875 0.73984375 0.16640625 0.196875
8 0.25625 0.0640625 0.11640625 0.1203125
8 0.24765625 0.184375 0.11953125 0.10390625
8 0.3125 0.27109375 0.1328125 0.15546875
8 0.2640625 0.315625 0.12890625 0.128125
8 0.22578125 0.415625 0.159375 0.11796875
8 0.16640625 0.359375 0.11328125 0.16484375
8 0.05078125 0.35 0.10078125 0.17265625
8 0.06640625 0.83046875 0.1328125 0.2765625
8 0.21953125 0.91640625 0.16796875 0.1671875
8 0.04375 0.55625 0.0875 0.13359375
3 0.4890625 0.38203125 0.184375 0.41640625