8 0.51015625 0.95859375 0.20390625 0.0828125
8 0.26015625 0.696875 0.0859375 0.05234375
8 0.4984375 0.66875 0.07421875 0.0578125
8 0.29140625 0.56015625 0.03125 0.02265625
8 0.4046875 0.5484375 0.02734375 0.01484375
8 0.39140625 0.5375 0.02265625 0.01015625
8 0.33671875 0.53984375 0.0296875 0.01640625
8 0.3328125 0.52421875 0.02421875 0.01484375
8 0.3703125 0.515625 0.01640625 0.01328125
8 0.35234375 0.503125 0.0171875 0.009375
3 0.32578125 0.5015625 0.01953125 0.0171875
3 0.390625 0.5296875 0.02265625 0.0234375