0 0.67578125 0.46640625 0.0296875 0.0375
9 0.5765625 0.42109375 0.0203125 0.0328125
9 0.59609375 0.409375 0.01875 0.025
9 0.48828125 0.3765625 0.015625 0.025
10 0.55703125 0.35859375 0.0109375 0.015625
9 0.54296875 0.34140625 0.0078125 0.009375
9 0.53359375 0.334375 0.0078125 0.009375
8 0.50859375 0.33203125 0.0171875 0.0140625
8 0.55546875 0.340625 0.0125 0.0109375
8 0.55078125 0.33515625 0.0125 0.0078125
3 0.50390625 0.31640625 0.015625 0.0140625
8 0.52109375 0.315625 0.0109375 0.0109375
8 0.24453125 0.3828125 0.0734375 0.05
9 0.02109375 0.46484375 0.0421875 0.0984375