9 0.76328125 0.8921875 0.09765625 0.128125
9 0.56875 0.6515625 0.0421875 0.06015625
9 0.6171875 0.63515625 0.03359375 0.05546875
9 0.57109375 0.6 0.02578125 0.0421875
9 0.62265625 0.57109375 0.03671875 0.03125
9 0.57578125 0.5296875 0.02109375 0.028125
8 0.48515625 0.5234375 0.0390625 0.03203125
8 0.53515625 0.52890625 0.0375 0.0328125
3 0.4625 0.58359375 0.07734375 0.0703125
9 0.17578125 0.5703125 0.0328125 0.04296875
9 0.51640625 0.51171875 0.01484375 0.0171875
8 0.48671875 0.48671875 0.03359375 0.0203125