9 0.6265625 0.925 0.06015625 0.14921875
9 0.4703125 0.7640625 0.03671875 0.1140625
9 0.53203125 0.74296875 0.04140625 0.10078125
9 0.6015625 0.7609375 0.0390625 0.11015625
9 0.62578125 0.67734375 0.02734375 0.08515625
9 0.478125 0.62109375 0.0296875 0.06640625
9 0.5234375 0.61640625 0.025 0.05859375
9 0.546875 0.6234375 0.02421875 0.06796875
9 0.53671875 0.584375 0.021875 0.05625
9 0.475 0.540625 0.01640625 0.04140625
9 0.49453125 0.56171875 0.02265625 0.05546875
9 0.5125 0.54765625 0.01875 0.0484375
8 0.4625 0.5265625 0.03125 0.05234375
8 0.46796875 0.4828125 0.02578125 0.03671875
8 0.153125 0.5140625 0.05546875 0.05859375
8 0.078125 0.5515625 0.0671875 0.05859375
8 0.3875 0.478125 0.0234375 0.0375
7 0.3203125 0.85078125 0.225 0.2984375