9 0.51796875 0.075 0.0546875 0.040625
9 0.5625 0.5765625 0.0515625 0.0421875
9 0.5703125 0.534375 0.04375 0.0359375
9 0.60234375 0.48828125 0.0359375 0.028125
9 0.62109375 0.48046875 0.03125 0.0234375
9 0.634375 0.48984375 0.025 0.0234375
9 0.64765625 0.4484375 0.025 0.01875
9 0.6578125 0.4296875 0.0234375 0.01875
9 0.65859375 0.4671875 0.0234375 0.015625
8 0.54375 0.1859375 0.0671875 0.09375
8 0.609375 0.384375 0.04375 0.0546875
8 0.634375 0.38984375 0.0296875 0.040625
8 0.65 0.3984375 0.03125 0.0296875
3 0.5609375 0.3703125 0.078125 0.0765625
8 0.57734375 0.478125 0.0578125 0.0703125
3 0.66640625 0.39609375 0.03125 0.03125