8 0.934375 0.42109375 0.1296875 0.175
8 0.80234375 0.2234375 0.0890625 0.14375
8 0.73984375 0.49375 0.0703125 0.121875
8 0.68671875 0.50625 0.05 0.1015625
8 0.6578125 0.3671875 0.059375 0.0984375
8 0.646875 0.540625 0.0484375 0.1
8 0.68828125 0.70390625 0.0625 0.0953125
8 0.565625 0.66953125 0.04375 0.0546875
1 0.58984375 0.546875 0.096875 0.09375
1 0.49296875 0.61796875 0.0328125 0.0328125
8 0.48515625 0.66171875 0.0125 0.01875
8 0.5046875 0.55 0.0171875 0.028125
8 0.49375 0.56640625 0.0109375 0.021875
3 0.4859375 0.56796875 0.0203125 0.028125
8 0.4765625 0.590625 0.009375 0.015625
3 0.471875 0.63125 0.0171875 0.0171875
3 0.46640625 0.61015625 0.0109375 0.0140625
8 0.47578125 0.6578125 0.009375 0.015625
9 0.50546875 0.575 0.015625 0.009375