9 0.4 0.75546875 0.0796875 0.134375
9 0.75 0.61875 0.09375 0.109375
9 0.871875 0.44765625 0.06875 0.0796875
9 0.61484375 0.453125 0.065625 0.0765625
9 0.51328125 0.37890625 0.0609375 0.06875
9 0.68125 0.3453125 0.0546875 0.0578125
9 0.5828125 0.3015625 0.0484375 0.0546875
9 0.55859375 0.2125 0.0265625 0.0359375
9 0.590625 0.17734375 0.0125 0.021875
9 0.52734375 0.16796875 0.009375 0.01875
9 0.5578125 0.15703125 0.009375 0.0203125
9 0.57578125 0.1546875 0.0109375 0.0171875
9 0.546875 0.15 0.009375 0.01875
9 0.5640625 0.140625 0.00625 0.0140625
9 0.54765625 0.134375 0.0109375 0.0125
9 0.5203125 0.13125 0.0078125 0.0125
9 0.53671875 0.11796875 0.00625 0.0109375
9 0.5890625 0.13203125 0.0078125 0.0125
9 0.57109375 0.1328125 0.009375 0.0125
9 0.5640625 0.1328125 0.0078125 0.009375
9 0.5546875 0.1265625 0.009375 0.009375
9 0.5609375 0.1234375 0.009375 0.009375
3 0.52109375 0.1171875 0.01875 0.01875
8 0.4921875 0.1265625 0.028125 0.0140625
8 0.49453125 0.1171875 0.021875 0.0078125
8 0.49453125 0.1109375 0.01875 0.00625
8 0.49453125 0.10546875 0.0203125 0.00625
8 0.56171875 0.1140625 0.021875 0.00625
8 0.57421875 0.11953125 0.015625 0.0078125
8 0.55 0.1015625 0.015625 0.0078125
9 0.5375 0.09921875 0.0046875 0.00625
9 0.52734375 0.1 0.00625 0.00625
9 0.5234375 0.10546875 0.0046875 0.003125
9 0.51484375 0.10390625 0.00625 0.003125
9 0.50703125 0.096875 0.0046875 0.00625
8 0.4984375 0.09453125 0.0140625 0.0078125