9 0.54453125 0.3890625 0.0578125 0.0703125
9 0.67578125 0.334375 0.0515625 0.05625
9 0.590625 0.31640625 0.05 0.046875
9 0.65 0.29765625 0.0421875 0.046875
9 0.57734375 0.296875 0.04375 0.040625
9 0.553125 0.25390625 0.03125 0.0328125
9 0.50078125 0.25703125 0.0328125 0.034375
9 0.5234375 0.23828125 0.025 0.028125
9 0.05546875 0.39921875 0.040625 0.0375
8 0.45234375 0.44296875 0.1609375 0.13125
8 0.07734375 0.43203125 0.146875 0.090625
8 0.18203125 0.35546875 0.0859375 0.0671875
8 0.4390625 0.24296875 0.0421875 0.03125
8 0.4296875 0.22734375 0.040625 0.0265625
7 0.4734375 0.20859375 0.040625 0.0359375
7 0.43515625 0.2140625 0.034375 0.0296875