8 0.62265625 0.6078125 0.1265625 0.171875
8 0.52578125 0.7421875 0.0578125 0.0859375
8 0.3828125 0.6984375 0.0125 0.021875
8 0.37890625 0.71328125 0.0078125 0.0125
8 0.36953125 0.728125 0.00625 0.0140625
3 0.44609375 0.7125 0.0640625 0.078125
3 0.4046875 0.721875 0.028125 0.0359375
3 0.39921875 0.7578125 0.021875 0.0265625
3 0.384375 0.76875 0.0171875 0.0203125
9 0.5875 0.43984375 0.0609375 0.046875
9 0.5640625 0.33203125 0.05 0.0390625
9 0.54765625 0.42890625 0.0421875 0.0421875
9 0.49296875 0.57109375 0.03125 0.03125
9 0.459375 0.6453125 0.028125 0.025
9 0.4515625 0.60859375 0.0234375 0.0203125
9 0.42421875 0.659375 0.0234375 0.0140625
9 0.41015625 0.696875 0.0125 0.0109375
9 0.4015625 0.69140625 0.0078125 0.0078125
9 0.3953125 0.675 0.0109375 0.0109375
9 0.39453125 0.69453125 0.0109375 0.009375
9 0.41015625 0.77734375 0.0140625 0.0078125
9 0.3890625 0.7328125 0.0078125 0.0078125
9 0.3890625 0.7171875 0.0078125 0.0078125
9 0.38046875 0.73359375 0.0078125 0.009375
9 0.390625 0.74296875 0.009375 0.0078125
9 0.38203125 0.7484375 0.009375 0.009375
9 0.37109375 0.74921875 0.00625 0.00625
9 0.37578125 0.7390625 0.00625 0.00625