9 0.5765625 0.5890625 0.0484375 0.0734375
9 0.46171875 0.40234375 0.0140625 0.0203125
9 0.4828125 0.39375 0.0125 0.01875
9 0.50234375 0.4 0.0125 0.0203125
9 0.4640625 0.37421875 0.0078125 0.015625
9 0.48828125 0.37265625 0.009375 0.0125
9 0.47265625 0.36171875 0.00625 0.0125
9 0.48125 0.359375 0.00625 0.0140625
9 0.4734375 0.34921875 0.0078125 0.009375
9 0.45859375 0.34765625 0.00625 0.0109375
9 0.465625 0.346875 0.00625 0.009375
8 0.4484375 0.340625 0.0109375 0.009375
8 0.52578125 0.4265625 0.0390625 0.028125
8 0.42109375 0.43828125 0.05 0.0453125
8 0.425 0.38984375 0.021875 0.0203125
8 0.440625 0.3609375 0.015625 0.015625
0 0.7796875 0.625 0.034375 0.075