8 0.55859375 0.5890625 0.0703125 0.0859375
8 0.5578125 0.45 0.0578125 0.0875
8 0.515625 0.4953125 0.0390625 0.0640625
8 0.48046875 0.62265625 0.0421875 0.0578125
8 0.46484375 0.72265625 0.0421875 0.0515625
8 0.4140625 0.6890625 0.0328125 0.04375
8 0.3828125 0.67421875 0.0265625 0.034375
8 0.46796875 0.60703125 0.0375 0.0546875
8 0.45078125 0.6078125 0.0328125 0.0484375
1 0.4265625 0.61328125 0.06875 0.0640625
8 0.40234375 0.5671875 0.021875 0.0296875
8 0.38984375 0.58203125 0.015625 0.0203125
9 0.3890625 0.60234375 0.0125 0.0078125
9 0.38359375 0.60625 0.0140625 0.0109375
1 0.3609375 0.63515625 0.025 0.0265625
8 0.34765625 0.66796875 0.0140625 0.0171875
3 0.34609375 0.640625 0.0171875 0.0171875
8 0.35078125 0.61875 0.0125 0.0171875
8 0.36484375 0.60078125 0.0125 0.0171875
8 0.38046875 0.58046875 0.021875 0.025