9 0.78359375 0.15078125 0.046875 0.040625
9 0.715625 0.27578125 0.0453125 0.04375
9 0.5875 0.4671875 0.046875 0.03125
9 0.61015625 0.34375 0.04375 0.034375
9 0.66796875 0.4609375 0.0375 0.0390625
9 0.75390625 0.54140625 0.0515625 0.0421875
9 0.73359375 0.58828125 0.0546875 0.03125
9 0.75078125 0.60546875 0.046875 0.0359375
9 0.79921875 0.61328125 0.05 0.034375
9 0.9171875 0.55859375 0.046875 0.028125
9 0.71015625 0.63984375 0.0390625 0.028125
9 0.7375 0.66015625 0.0421875 0.03125
9 0.7484375 0.6890625 0.0390625 0.0265625
9 0.78671875 0.6984375 0.0375 0.0328125
9 0.69921875 0.7125 0.0390625 0.03125
9 0.68984375 0.6796875 0.0421875 0.03125
9 0.6734375 0.653125 0.0359375 0.03125
9 0.63046875 0.68828125 0.0390625 0.025
9 0.6453125 0.7171875 0.0453125 0.028125
9 0.640625 0.7484375 0.0359375 0.028125
9 0.675 0.75625 0.034375 0.021875
9 0.71015625 0.7578125 0.040625 0.03125
9 0.6203125 0.79375 0.0390625 0.025
9 0.59296875 0.77265625 0.0390625 0.021875
9 0.590625 0.75078125 0.040625 0.025
9 0.58984375 0.7265625 0.0421875 0.025
9 0.5515625 0.78828125 0.0375 0.028125
9 0.5109375 0.79921875 0.0359375 0.021875
9 0.52578125 0.76953125 0.0421875 0.025
9 0.55078125 0.82734375 0.0453125 0.0234375
9 0.6375 0.409375 0.0421875 0.021875
9 0.646875 0.3796875 0.0390625 0.0265625
9 0.6703125 0.41953125 0.0328125 0.03125
2 0.6467455578125 0.5743128093750001 0.6212958375000001 0.57130809375 0.594014675 0.57748100625 0.5829970109375 0.58585494375 0.5494565765625 0.59303655 0.4709744234375 0.6554260375000001 0.463086396875 0.6632956296875 0.46132251718750006 0.6717010140624999 0.49074163437499996 0.7116262890625 0.5150355375 0.7160861953125 0.5412960078125 0.709823984375 0.6266527484375 0.6511485640625 0.6464367546875 0.6248658625 0.66833695625 0.609662475 0.6690801453125 0.601167790625 0.6637667484375 0.5913650703125 0.6467455578125 0.5743128093750001
2 0.6219424546875 0.516893821875 0.6096193421875 0.5049215203124999 0.5790661671875 0.5014703093749999 0.56430355 0.5056258312499999 0.48893653125 0.5441650578125 0.4883960296875 0.5503430078125 0.46697601874999994 0.571813646875 0.4793811953125 0.6063596203125 0.49210968125 0.613698459375 0.5157207078125 0.6142078453125001 0.538776725 0.59754926875 0.5785016187500001 0.5784582546875 0.5940074234375 0.565808046875 0.5968595578125 0.5567197171875 0.6286216062500001 0.5345975796875 0.6219424546875 0.516893821875
2 0.4929349375 0.6277774468749999 0.4876215421875 0.6179747265625 0.47230391875000005 0.604962284375 0.4602583125 0.601573965625 0.43760041562499996 0.6019261218749999 0.42256754843750005 0.6091706203125 0.41243545 0.6191783453124999 0.3895748671875 0.6218472328125 0.310957590625 0.685781209375 0.29906161249999996 0.70419431875 0.3051930109375 0.7164030703125001 0.3239177734375 0.7374951484375 0.34562254062500003 0.73628145 0.3716730703125 0.7206630125 0.390721140625 0.7145479531250001 0.41030971093749996 0.7022549421875001 0.44397076562500004 0.6701829328125 0.45546862031249996 0.6680762453125 0.48994767812499995 0.6384102656249999 0.4929349375 0.6277774468749999
8 0.4266526046875 0.5036989484375 0.4005345109375 0.520089628125 0.3759848640625 0.542064615625 0.357897175 0.560714175 0.35906024375 0.57093194375 0.36947709687499997 0.5811811609374999 0.4011185265625 0.5839494265625 0.4211872875 0.577923665625 0.43852453437500005 0.5560958312500001 0.46389218593750003 0.5365268765625 0.46510831250000007 0.522626484375 0.45216988750000003 0.5059314203125 0.43406769375 0.5012350640625 0.4266526046875 0.5036989484375
8 0.5581961984375 0.4226070875 0.5487397265625 0.4248923734375 0.5030330640625 0.4535760640625 0.4790311671875 0.48104605625 0.47910598281250005 0.491946771875 0.49047596562500007 0.5030575296875 0.5055160843750001 0.5074859890625001 0.52871448125 0.50095588125 0.5351016265624999 0.48672974062499996 0.5608143437499999 0.474972525 0.5693104359375 0.46015273749999996 0.586519809375 0.45154234843749996 0.5703093703125 0.42522316250000003 0.5581961984375 0.4226070875
8 0.4108330359375 0.44940038125 0.39926761875 0.4522793125 0.345470240625 0.49114932656250004 0.33452739062500003 0.5104239796875001 0.340591228125 0.5234049749999999 0.35420528125 0.5323776 0.3674067046875 0.5343107296875 0.387475465625 0.5282849703125 0.4085576640625 0.51067555 0.4079423484375 0.5059527875 0.43201905937499996 0.48938350937499997 0.4375882015625 0.4727513375 0.4249875890625 0.45219505312499997 0.4108330359375 0.44940038125
8 0.23413549374999998 0.6821727656250001 0.20496257812500002 0.7099685078125 0.19864299531250001 0.72342240625 0.21654975156249998 0.7421084515625 0.2298187390625 0.7432693375 0.2434931015625 0.739796759375 0.2880366953125 0.7008953 0.28966545 0.6940344015625 0.284689865625 0.6803704625 0.27529370468750003 0.6702105453125 0.2578068265625 0.6702369515625 0.23413549374999998 0.6821727656250001
8 0.3062354609375 0.7515112453125 0.2950078578125 0.7505289562499999 0.27752823125 0.7622283203125 0.2660303765625 0.7643350078125 0.22339304062499998 0.8049595546875 0.23224870156250002 0.8212974234375 0.24205023906249998 0.8268238765625 0.2572930453125 0.8289356031249999 0.2740970453125 0.8249586796875 0.287156090625 0.8167633375 0.3108201734375 0.7931545640625 0.3204793328125 0.788552546875 0.32775204375 0.7759601953125 0.31807838125 0.7572162953125 0.3062354609375 0.7515112453125
8 0.1653705203125 0.8333439031250001 0.1262681953125 0.8688306390625 0.124571878125 0.8764637796875 0.1298852734375 0.8862665015625 0.1464938375 0.896279265625 0.1629600234375 0.8961635609374999 0.18574579375 0.8825939578125 0.200020965625 0.8604982265625001 0.21097106718749997 0.8528965328125 0.2053126046875 0.8352820718749999 0.1948957515625 0.8250328578125 0.1804033875 0.8260994046875 0.1653705203125 0.8333439031250001
8 0.23736437187499998 0.9509187015625 0.25756100625 0.9316754953125 0.255782621875 0.9167349625 0.2446828890625 0.9025352296875001 0.2252221921875 0.90161079375 0.20352467812500002 0.9144974515625 0.19522402187500001 0.9153275484375 0.1926421390625 0.9213269015625001 0.1595215828125 0.947220959375 0.1563316375 0.960170509375 0.158853209375 0.9666163578125 0.1634837296875 0.972468559375 0.2073734546875 0.9763084140625 0.23124747812500002 0.9620558656249999 0.23736437187499998 0.9509187015625
8 0.08684714375 0.7198667750000001 0.0821635671875 0.7381327328125 0.09428399062500001 0.7524217656250001 0.123268721875 0.750288671875 0.162573734375 0.7124852046875 0.1680753140625 0.696625278125 0.1571107078125 0.6808810546874999 0.1409147734375 0.677907784375 0.130370046875 0.6808760140625 0.0926262265625 0.7125908296875 0.08684714375 0.7198667750000001
8 0.13161060156249998 0.9253251921875 0.118942425 0.9055411515625 0.10580856406250001 0.9028357781249999 0.090910821875 0.908535790625 0.0702339984375 0.9215117453125 0.038749451562499995 0.952217865625 0.0379387 0.9614847937500001 0.0828491171875 0.9654139453124999 0.1297791578125 0.934502821875 0.13161060156249998 0.9253251921875
2 0 0.9315107734374999 0.0136230390625 0.9220060140624999 0.028385656250000002 0.9178504890625 0.0417222046875 0.91823913125 0.0577757640625 0.9110839328125 0.074842759375 0.8923450734375 0.07796514375 0.88016776875 0.11162620000000001 0.8480957578125 0.12346186562499999 0.84212785 0.133796653125 0.8298033921875 0.1412117421875 0.827339509375 0.164605575 0.8068197109374999 0.17221609843750002 0.7903661390625001 0.15587053281250002 0.765591440625 0.1421213546875 0.7581633046875 0.1017738953125 0.760858596875 0.06973434218749999 0.7743967515625 0.0115839484375 0.815998546875 0 0.8279423359375 0 0.9315107734374999
8 0 0.8202687296875 0.0081164984375 0.8203641140625001 0.02817800625 0.802665396875 0.060893185937500004 0.7814048015624999 0.0645633234375 0.7747225015625 0.0608183703125 0.7705040859375 0.0519024 0.7666114203125 0.039586540625 0.7663120765625 0.0070064875 0.786028184375 0 0.793544234375 0 0.8202687296875
3 0.34336167500000003 0.8209025343749999 0.3179192078125 0.8295707765625 0.2826897078125 0.8560584812500001 0.27895200781249996 0.8635130234374999 0.29536513593749997 0.887515478125 0.3295208859375 0.8850566359375 0.385224521875 0.84790970625 0.40215639375 0.8307153359375 0.4009257625 0.8212698093749999 0.3915971625 0.8103376499999999 0.3734274078125 0.8064135374999999 0.3649916265625 0.808788121875 0.34336167500000003 0.8209025343749999
9 0.4609375 0.85234375 0.05 0.0328125
9 0.434375 0.80703125 0.0484375 0.0421875
3 0.27406536406250004 0.5549361515625 0.2463715734375 0.55406956875 0.22127417187499998 0.57054955 0.20773493437499999 0.5724776390625 0.14619190625 0.6293457140625 0.15028192499999998 0.64137586875 0.1651941703125 0.659021775 0.1699598140625 0.6633294890625 0.17812534375 0.66404388125 0.20813076874999997 0.662000084375 0.2654631578125 0.6179922609374999 0.2969477046875 0.5872861390625 0.2966702015625 0.5787021578125 0.2809399515625 0.5586502203125 0.27406536406250004 0.5549361515625