9 0.09296875 0.52890625 0.1859375 0.0859375
9 0.178125 0.609375 0.225 0.0859375
9 0.1375 0.3171875 0.1984375 0.0859375
9 0.2859375 0.3265625 0.1984375 0.0765625
9 0.3859375 0.35390625 0.1515625 0.059375
9 0.39140625 0.40625 0.1609375 0.0671875
9 0.42421875 0.4859375 0.1578125 0.0625
9 0.36953125 0.54453125 0.171875 0.071875
9 0.48828125 0.2421875 0.1609375 0.0671875
9 0.5328125 0.39609375 0.13125 0.0484375
9 0.5078125 0.43125 0.13125 0.0484375
9 0.64140625 0.3921875 0.1171875 0.0421875
9 0.6375 0.41875 0.1 0.0359375
9 0.54296875 0.525 0.125 0.046875
9 0.56171875 0.56015625 0.121875 0.04375
9 0.57890625 0.62578125 0.1125 0.04375
9 0.578125 0.4921875 0.121875 0.0453125
9 0.61171875 0.4625 0.1109375 0.0390625
9 0.65625 0.4421875 0.1 0.0390625
9 0.68984375 0.4828125 0.0953125 0.034375
9 0.6453125 0.6140625 0.1015625 0.0375
9 0.65390625 0.64140625 0.0921875 0.0359375
9 0.7515625 0.653125 0.0796875 0.0328125
9 0.7296875 0.58515625 0.078125 0.0375
9 0.66484375 0.55703125 0.0921875 0.0296875
9 0.65078125 0.57109375 0.0859375 0.028125
9 0.61484375 0.58984375 0.1078125 0.0375
9 0.70546875 0.52890625 0.09375 0.0421875
8 0.53125 0.67109375 0.1515625 0.0984375
8 0.64609375 0.75 0.1296875 0.08125
4 0.77734375 0.46015625 0.1796875 0.10625