9 0.33359375 0.403125 0.121875 0.0984375
9 0.5390625 0.52890625 0.0703125 0.0515625
9 0.52421875 0.64921875 0.059375 0.0546875
9 0.5625 0.7 0.05 0.0609375
9 0.625 0.6828125 0.034375 0.0328125
9 0.68359375 0.62890625 0.01875 0.015625
9 0.69296875 0.6453125 0.0171875 0.009375
9 0.7 0.6265625 0.0140625 0.0125
8 0.7 0.59765625 0.021875 0.03125
8 0.7015625 0.55 0.0265625 0.0359375
8 0.7203125 0.56015625 0.015625 0.0265625
8 0.7234375 0.57734375 0.0140625 0.0171875
8 0.7296875 0.58984375 0.0125 0.0171875
8 0.71171875 0.60390625 0.0171875 0.025
8 0.7421875 0.58359375 0.0125 0.01875
3 0.75234375 0.5703125 0.015625 0.0171875
9 0.7375 0.603125 0.0109375 0.0078125
9 0.7140625 0.6296875 0.0109375 0.0078125