9 0.44296875 0.62734375 0.0578125 0.0890625
9 0.31015625 0.5328125 0.0484375 0.0703125
9 0.59140625 0.51640625 0.0578125 0.05546875
9 0.53125 0.478125 0.040625 0.053125
9 0.30859375 0.4484375 0.04609375 0.04921875
9 0.5078125 0.43046875 0.03046875 0.04140625
9 0.4859375 0.41328125 0.01796875 0.03515625
9 0.409375 0.346875 0.02109375 0.02421875
9 0.37109375 0.3234375 0.01484375 0.01953125
9 0.38671875 0.325 0.0125 0.01953125
8 0.33125 0.4171875 0.0609375 0.04375
8 0.3453125 0.34453125 0.0390625 0.02578125
7 0.4296875 0.42734375 0.1 0.09921875