9 0.18125 0.7015625 0.20625 0.065625
9 0.0859375 0.48125 0.171875 0.059375
9 0.29609375 0.4984375 0.1671875 0.046875
9 0.31484375 0.37890625 0.175 0.0546875
9 0.37421875 0.30546875 0.1546875 0.05
9 0.39375 0.4546875 0.1421875 0.0421875
9 0.45546875 0.40859375 0.1234375 0.0375
9 0.53515625 0.4421875 0.1046875 0.03125
9 0.55234375 0.48828125 0.1078125 0.0328125
9 0.63203125 0.5171875 0.0890625 0.0265625
9 0.615625 0.44609375 0.0828125 0.0203125
9 0.5953125 0.39765625 0.0859375 0.0265625
9 0.615625 0.36796875 0.0828125 0.0234375
9 0.55859375 0.3453125 0.0953125 0.034375
9 0.5875 0.31796875 0.09375 0.0265625
9 0.63828125 0.3421875 0.0796875 0.0203125
9 0.690625 0.3109375 0.0703125 0.0203125
9 0.64375 0.40078125 0.0703125 0.0265625
9 0.68203125 0.4453125 0.0578125 0.01875
9 0.6625 0.4421875 0.05 0.0203125
9 0.72578125 0.428125 0.0640625 0.01875
9 0.7375 0.40703125 0.0640625 0.021875
9 0.6890625 0.37421875 0.065625 0.01875
9 0.690625 0.353125 0.0609375 0.01875
9 0.74609375 0.34453125 0.0515625 0.0171875
9 0.76640625 0.33359375 0.04375 0.0140625
9 0.75234375 0.36484375 0.05 0.0140625
9 0.715625 0.38203125 0.059375 0.0140625
9 0.78671875 0.34375 0.0421875 0.0109375
9 0.7875 0.38359375 0.046875 0.0125
9 0.8015625 0.4015625 0.040625 0.0140625
9 0.79765625 0.42734375 0.04375 0.0140625
9 0.84296875 0.40078125 0.0328125 0.0125
9 0.8203125 0.3921875 0.0375 0.0109375
9 0.8125 0.35 0.0390625 0.0109375
9 0.82890625 0.3453125 0.0359375 0.0125
9 0.8109375 0.3734375 0.0328125 0.0125
9 0.83984375 0.3703125 0.028125 0.0125
9 0.8609375 0.3625 0.025 0.0078125
9 0.85390625 0.36953125 0.021875 0.0046875
9 0.89765625 0.38046875 0.0203125 0.0078125
9 0.903125 0.40078125 0.0203125 0.00625
9 0.91015625 0.39296875 0.015625 0.0046875
9 0.9125 0.40625 0.015625 0.0046875
9 0.915625 0.41484375 0.015625 0.0046875
8 0.78984375 0.459375 0.0578125 0.0375
8 0.78515625 0.5203125 0.046875 0.0421875
8 0.86875 0.46953125 0.0296875 0.021875
8 0.8765625 0.43125 0.03125 0.01875
8 0.915625 0.4359375 0.0203125 0.0109375
8 0.93125 0.4234375 0.0203125 0.0109375
9 0.77890625 0.30546875 0.05 0.0171875
0 0.5484375 0.27578125 0.1015625 0.03125
9 0.521875 0.09453125 0.09375 0.0328125
9 0.5921875 0.08984375 0.08125 0.034375
9 0.675 0.165625 0.0640625 0.021875
9 0.71953125 0.171875 0.05625 0.015625
9 0.75234375 0.19140625 0.0234375 0.0109375
9 0.734375 0.2296875 0.046875 0.0140625
9 0.75234375 0.24140625 0.05625 0.015625
9 0.7703125 0.225 0.025 0.0109375
9 0.7671875 0.21484375 0.04375 0.0171875
9 0.771875 0.2515625 0.0421875 0.0140625
9 0.7890625 0.23203125 0.0359375 0.0125
9 0.80234375 0.24921875 0.028125 0.009375
9 0.803125 0.26484375 0.0328125 0.0125
9 0.81328125 0.25625 0.0296875 0.0125
8 0.70859375 0.20703125 0.078125 0.04375