9 0.903125 0.315625 0.15625 0.0796875
9 0.765625 0.49296875 0.11875 0.053125
9 0.7359375 0.434375 0.1046875 0.0546875
9 0.74453125 0.36328125 0.1140625 0.053125
9 0.6578125 0.35078125 0.0875 0.0390625
9 0.62265625 0.5046875 0.06875 0.0390625
9 0.61171875 0.4609375 0.0625 0.0328125
9 0.615625 0.43671875 0.071875 0.034375
9 0.578125 0.4515625 0.059375 0.0296875
9 0.54375 0.51875 0.0421875 0.021875
9 0.56171875 0.496875 0.059375 0.0296875
9 0.5453125 0.48125 0.05 0.025
8 0.53125 0.53359375 0.05625 0.0390625
8 0.4875 0.534375 0.040625 0.0296875
8 0.5625 0.84140625 0.0671875 0.0640625
8 0.61015625 0.9109375 0.06875 0.075
8 0.49375 0.6140625 0.040625 0.028125
7 0.8546875 0.62890625 0.290625 0.2640625