9 0.596875 0.515625 0.08671875 0.1
9 0.634375 0.4421875 0.0828125 0.08125
9 0.73984375 0.41953125 0.06796875 0.084375
9 0.61875 0.23359375 0.040625 0.053125
9 0.55625 0.16796875 0.0265625 0.03828125
9 0.5796875 0.1484375 0.02421875 0.0359375
9 0.5375 0.109375 0.01484375 0.0234375
9 0.5640625 0.10234375 0.01328125 0.025
9 0.575 0.0875 0.01171875 0.01640625
9 0.54453125 0.0921875 0.0125 0.01953125
9 0.5453125 0.07578125 0.0109375 0.0140625
9 0.51640625 0.0953125 0.01171875 0.01875
9 0.5140625 0.07578125 0.009375 0.015625
9 0.5265625 0.07109375 0.009375 0.0140625
9 0.503125 0.06875 0.01015625 0.01484375
9 0.5328125 0.06015625 0.00859375 0.0140625
9 0.52109375 0.05703125 0.00859375 0.0125
9 0.50625 0.0578125 0.00859375 0.01015625
9 0.50625 0.0484375 0.00703125 0.01015625
9 0.4796875 0.03203125 0.00546875 0.00859375
9 0.5 0.0390625 0.00546875 0.00859375
9 0.5140625 0.04375 0.0078125 0.009375
9 0.5265625 0.046875 0.0046875 0.0078125
9 0.525 0.03984375 0.00703125 0.00703125
8 0.471875 0.0765625 0.0296875 0.02109375
8 0.48125 0.046875 0.0203125 0.0109375
8 0.55546875 0.05078125 0.0203125 0.01171875
8 0.54453125 0.04609375 0.01875 0.00859375
8 0.53203125 0.03203125 0.01875 0.00703125
1 0.5046875 0.03203125 0.01875 0.01171875
8 0.440625 0.44765625 0.178125 0.1375