9 0.20390625 0.8953125 0.04609375 0.1828125
9 0.34765625 0.8015625 0.0515625 0.16171875
9 0.365625 0.7234375 0.04375 0.13984375
9 0.49296875 0.66328125 0.03828125 0.11796875
9 0.32265625 0.60078125 0.034375 0.1
9 0.41328125 0.5875 0.03125 0.1
9 0.46328125 0.56796875 0.025 0.09609375
9 0.6 0.65703125 0.04609375 0.12109375
9 0.525 0.60859375 0.02890625 0.10078125
9 0.54765625 0.56953125 0.03046875 0.096875
9 0.5140625 0.49453125 0.021875 0.08046875
9 0.3328125 0.515625 0.028125 0.08359375
9 0.63203125 0.56484375 0.025 0.0875
9 0.7328125 0.61171875 0.040625 0.11484375
9 0.69921875 0.5234375 0.0296875 0.08828125
9 0.64375 0.52109375 0.0234375 0.08125
9 0.58515625 0.48359375 0.021875 0.0703125
9 0.62109375 0.484375 0.02109375 0.06875
9 0.59921875 0.45859375 0.01796875 0.07109375
9 0.52421875 0.434375 0.021875 0.06953125
9 0.3859375 0.47421875 0.021875 0.07265625
9 0.4125 0.46796875 0.0171875 0.0703125
9 0.44453125 0.5015625 0.02109375 0.06875
9 0.3640625 0.44609375 0.01640625 0.0640625
9 0.3234375 0.43359375 0.01953125 0.0625
9 0.34609375 0.43203125 0.01484375 0.0625
9 0.340625 0.3546875 0.01171875 0.0484375
8 0.26015625 0.41640625 0.03828125 0.0625
8 0.28359375 0.346875 0.03046875 0.05078125
8 0.25703125 0.696875 0.10390625 0.12734375
8 0.4625 0.49296875 0.04296875 0.06953125
8 0.4453125 0.4625 0.040625 0.0640625
8 0.43125 0.42109375 0.03671875 0.0578125
8 0.446875 0.375 0.02890625 0.059375
4 0.509375 0.371875 0.05625 0.09765625
8 0.66484375 0.4484375 0.04296875 0.06484375