9 0.896875 0.1328125 0.153125 0.10625
9 0.77265625 0.42421875 0.19375 0.090625
9 0.675 0.1234375 0.1828125 0.08125
9 0.60703125 0.278125 0.15 0.08125
9 0.5484375 0.196875 0.1390625 0.0671875
9 0.4375 0.05859375 0.115625 0.053125
9 0.4078125 0.49765625 0.096875 0.0484375
9 0.42265625 0.43125 0.0984375 0.0359375
9 0.403125 0.34921875 0.075 0.040625
9 0.35625 0.32421875 0.0828125 0.0359375
9 0.34453125 0.28203125 0.0734375 0.034375
9 0.33984375 0.53671875 0.0703125 0.0359375
9 0.334375 0.57421875 0.078125 0.0375
9 0.3265625 0.478125 0.0765625 0.028125
9 0.30546875 0.42265625 0.065625 0.034375
9 0.4953125 0.89140625 0.10625 0.05
9 0.29921875 0.8828125 0.0671875 0.0546875
9 0.29140625 0.6203125 0.0609375 0.03125
9 0.26015625 0.4671875 0.0578125 0.025
9 0.24375 0.48125 0.0515625 0.0234375
9 0.21796875 0.5109375 0.0421875 0.01875
8 0.2453125 0.80234375 0.05625 0.0484375
8 0.25703125 0.7484375 0.05625 0.04375
8 0.39375 0.61015625 0.1078125 0.1046875
8 0.54140625 0.53046875 0.1375 0.125
8 0.48359375 0.353125 0.140625 0.1296875
8 0.659375 0.3734375 0.1875 0.1703125
8 0.66015625 0.80703125 0.1640625 0.146875
8 0.79453125 0.634375 0.265625 0.2078125
7 0.38671875 0.7046875 0.159375 0.096875
7 0.5375 0.74921875 0.215625 0.1359375
7 0.29765625 0.534375 0.1203125 0.075
7 0.24453125 0.56953125 0.0984375 0.0625
8 0.2890625 0.39140625 0.0796875 0.0625
8 0.41875 0.8328125 0.103125 0.0765625