9 0.47421875 0.83359375 0.0453125 0.028125
9 0.43984375 0.5796875 0.0203125 0.0140625
9 0.46953125 0.5515625 0.0265625 0.0140625
9 0.49921875 0.54609375 0.0390625 0.025
9 0.4921875 0.52265625 0.0328125 0.025
9 0.53203125 0.49453125 0.04375 0.028125
9 0.61484375 0.43515625 0.065625 0.0453125
5 0.61171875 0.36328125 0.065625 0.0453125
9 0.6765625 0.4484375 0.078125 0.053125
9 0.71953125 0.48515625 0.0921875 0.0671875
9 0.73046875 0.215625 0.096875 0.09375
9 0.93046875 0.19765625 0.1390625 0.1328125
8 0.85 0.67890625 0.2421875 0.215625
8 0.5703125 0.64375 0.078125 0.0984375
8 0.5640625 0.52265625 0.0640625 0.090625
8 0.459375 0.57734375 0.03125 0.0359375
8 0.42578125 0.61484375 0.0234375 0.0296875
8 0.44375 0.63125 0.0296875 0.0328125
8 0.45859375 0.51171875 0.059375 0.0609375
7 0.4890625 0.621875 0.08125 0.0734375