9 0.0578125 0.17578125 0.115625 0.0890625
9 0.11640625 0.28671875 0.14375 0.0640625
9 0.16640625 0.26328125 0.125 0.0515625
9 0.17109375 0.21875 0.1296875 0.059375
9 0.2953125 0.25234375 0.096875 0.0359375
9 0.2671875 0.278125 0.096875 0.040625
9 0.20234375 0.34140625 0.1046875 0.0421875
9 0.20390625 0.37578125 0.11875 0.046875
9 0.28125 0.32890625 0.09375 0.040625
9 0.2796875 0.40078125 0.0953125 0.04375
9 0.36484375 0.3609375 0.0703125 0.0296875
9 0.4109375 0.3328125 0.0640625 0.0296875
9 0.39375 0.296875 0.06875 0.0328125
9 0.296875 0.4890625 0.103125 0.04375
9 0.325 0.459375 0.0859375 0.0296875
9 0.359375 0.41875 0.078125 0.034375
9 0.36640625 0.475 0.0828125 0.0296875
9 0.31171875 0.528125 0.1078125 0.0375
9 0.32890625 0.56640625 0.090625 0.0421875
9 0.39453125 0.51640625 0.06875 0.034375
9 0.36171875 0.67265625 0.084375 0.065625
9 0.49609375 0.60703125 0.0703125 0.0265625
8 0.14375 0.49375 0.228125 0.121875
8 0.45546875 0.34921875 0.05625 0.040625
8 0.5015625 0.37421875 0.05625 0.0375
8 0.47421875 0.4640625 0.0625 0.040625
8 0.4546875 0.53828125 0.0703125 0.0484375
8 0.3859375 0.596875 0.096875 0.0640625
8 0.35234375 0.7671875 0.1609375 0.1390625
8 0.42109375 0.91171875 0.0921875 0.084375
9 0.43984375 0.84296875 0.071875 0.034375