9 0.2515625 0.88125 0.11875 0.1515625
9 0.3390625 0.51640625 0.1015625 0.0609375
9 0.3578125 0.4359375 0.1046875 0.0609375
9 0.44375 0.51015625 0.078125 0.0453125
8 0.46015625 0.3953125 0.0890625 0.11875
9 0.5765625 0.48515625 0.0375 0.03125
9 0.61875 0.48359375 0.028125 0.015625
9 0.6296875 0.465625 0.03125 0.021875
9 0.65703125 0.44375 0.0234375 0.015625
9 0.63515625 0.49375 0.021875 0.0140625
9 0.6453125 0.48984375 0.021875 0.009375
9 0.65078125 0.4671875 0.021875 0.015625
9 0.67890625 0.4359375 0.015625 0.009375
9 0.67578125 0.453125 0.015625 0.009375
9 0.66484375 0.4671875 0.0203125 0.0140625
9 0.6734375 0.48046875 0.021875 0.0171875
8 0.67890625 0.40859375 0.0421875 0.0453125