9 0.3984375 0.49921875 0.028125 0.0390625
9 0.4390625 0.51640625 0.028125 0.040625
9 0.43359375 0.49375 0.03125 0.0390625
9 0.478125 0.49296875 0.028125 0.040625
9 0.50546875 0.4609375 0.0203125 0.025
9 0.4796875 0.4625 0.0203125 0.025
9 0.49609375 0.4453125 0.0171875 0.028125
8 0.36640625 0.45390625 0.05 0.0390625
8 0.565625 0.490625 0.05625 0.05
8 0.53046875 0.45 0.0296875 0.0265625
8 0.57265625 0.45078125 0.03125 0.0234375
8 0.5359375 0.4359375 0.0265625 0.0234375
8 0.453125 0.5484375 0.0984375 0.0828125
8 0.50234375 0.7671875 0.1984375 0.24375