9 0.8109375 0.9578125 0.10625 0.084375
9 0.61953125 0.78046875 0.0765625 0.121875
8 0.38984375 0.6828125 0.1328125 0.1171875
8 0.3984375 0.52890625 0.0796875 0.0609375
8 0.48515625 0.49765625 0.0546875 0.0515625
8 0.4046875 0.4703125 0.05 0.0359375
8 0.40390625 0.43828125 0.0421875 0.03125
8 0.46171875 0.44140625 0.040625 0.025
8 0.44609375 0.40625 0.021875 0.021875
8 0.421875 0.38671875 0.015625 0.015625
8 0.43671875 0.384375 0.0171875 0.0140625
8 0.4140625 0.378125 0.0171875 0.0140625
9 0.16484375 0.565625 0.0515625 0.0671875
9 0.18046875 0.4765625 0.028125 0.0421875
9 0.13515625 0.47734375 0.03125 0.04375
9 0.5375 0.5265625 0.025 0.04375
9 0.546875 0.4984375 0.025 0.0421875
9 0.6390625 0.540625 0.0359375 0.0484375
9 0.62109375 0.5046875 0.021875 0.040625
9 0.51484375 0.4625 0.01875 0.0296875
9 0.46484375 0.46484375 0.0265625 0.03125
9 0.49140625 0.440625 0.015625 0.025
9 0.4578125 0.45234375 0.025 0.028125
9 0.48203125 0.4203125 0.0171875 0.025
9 0.459375 0.41640625 0.0171875 0.025
9 0.4765625 0.40625 0.0125 0.0171875