9 0.5578125 0.95546875 0.315625 0.0890625
9 0.6625 0.84765625 0.4015625 0.2140625
9 0.5921875 0.7125 0.1953125 0.096875
9 0.61953125 0.58046875 0.1453125 0.0828125
9 0.61953125 0.51328125 0.1015625 0.05
9 0.60234375 0.5421875 0.0828125 0.0359375
9 0.6390625 0.45234375 0.10625 0.0578125
9 0.66640625 0.40625 0.1421875 0.0796875
9 0.65859375 0.37109375 0.0921875 0.0453125
9 0.69453125 0.2953125 0.13125 0.06875
9 0.7171875 0.2484375 0.15625 0.0765625
9 0.57578125 0.621875 0.0796875 0.04375
9 0.56640625 0.65234375 0.078125 0.0421875
8 0.62109375 0.475 0.0796875 0.0625
8 0.628125 0.32265625 0.1234375 0.1078125