9 0.92421875 0.734375 0.0953125 0.12109375
9 0.48203125 0.51953125 0.04921875 0.0765625
9 0.64375 0.446875 0.04375 0.0546875
6 0.5296875 0.29765625 0.01015625 0.01796875
9 0.4921875 0.29609375 0.00859375 0.01484375
9 0.5671875 0.290625 0.0109375 0.01484375
9 0.50390625 0.284375 0.0078125 0.0125
9 0.51484375 0.28359375 0.00859375 0.0125
9 0.49375 0.28125 0.01015625 0.01484375
9 0.478125 0.2859375 0.00859375 0.01640625
9 0.48671875 0.259375 0.00859375 0.0078125
9 0.50078125 0.259375 0.00625 0.00546875
9 0.528125 0.27265625 0.00859375 0.0078125
8 0.54453125 0.28125 0.02734375 0.01640625
8 0.4625 0.2765625 0.02265625 0.01171875
8 0.44375 0.2703125 0.01875 0.0109375
8 0.478125 0.2703125 0.01796875 0.009375
8 0.46171875 0.2609375 0.01796875 0.009375
8 0.5078125 0.25 0.015625 0.0078125
8 0.1625 0.3546875 0.07421875 0.04609375
8 0.265625 0.33671875 0.08203125 0.05
9 0.07421875 0.33515625 0.04609375 0.034375