8 0.66484375 0.78515625 0.1140625 0.1921875
8 0.43046875 0.47421875 0.04375 0.0625
8 0.6 0.54765625 0.0609375 0.0734375
8 0.584375 0.4703125 0.0484375 0.0546875
8 0.5296875 0.4125 0.0203125 0.03125
8 0.55625 0.3921875 0.021875 0.0296875
8 0.48046875 0.40390625 0.01875 0.021875
8 0.49765625 0.3859375 0.0171875 0.0234375
8 0.5328125 0.3734375 0.01875 0.01875
8 0.515625 0.36328125 0.0125 0.0140625
8 0.49765625 0.35625 0.009375 0.0125
8 0.48203125 0.3515625 0.0125 0.0125
8 0.53828125 0.3484375 0.01875 0.0125
9 0.55390625 0.434375 0.009375 0.028125
9 0.590625 0.49296875 0.015625 0.03125
9 0.628125 0.46875 0.0140625 0.040625
9 0.47421875 0.42578125 0.00625 0.0296875
9 0.45546875 0.42890625 0.00625 0.0296875
9 0.440625 0.43046875 0.0078125 0.025
9 0.4140625 0.428125 0.0078125 0.021875
9 0.40625 0.4546875 0.009375 0.0375
9 0.41015625 0.40703125 0.009375 0.025
9 0.43203125 0.4171875 0.009375 0.021875
9 0.43125 0.39765625 0.00625 0.015625
9 0.44453125 0.41171875 0.0078125 0.015625
9 0.44296875 0.39765625 0.00625 0.0125
9 0.42265625 0.38671875 0.0046875 0.021875
9 0.38125 0.46171875 0.0125 0.0375
9 0.36484375 0.45390625 0.009375 0.028125
9 0.3625 0.48515625 0.0125 0.0390625
9 0.3453125 0.50390625 0.0171875 0.046875
9 0.3296875 0.5453125 0.0234375 0.0671875
9 0.35 0.44140625 0.00625 0.034375
9 0.36953125 0.4265625 0.009375 0.0296875
9 0.38515625 0.40859375 0.0078125 0.0296875
9 0.409375 0.38125 0.00625 0.0203125
9 0.43359375 0.3796875 0.00625 0.01875
9 0.45546875 0.39140625 0.00625 0.0234375
9 0.4625 0.38671875 0.00625 0.021875
9 0.47421875 0.38515625 0.003125 0.0140625
9 0.47890625 0.371875 0.00625 0.0171875
9 0.44921875 0.3859375 0.003125 0.021875
9 0.44375 0.3828125 0.0046875 0.0203125
9 0.43203125 0.3609375 0.0046875 0.01875
9 0.43984375 0.36328125 0.0046875 0.015625
1 0.51328125 0.55 0.0984375 0.2328125
9 0.64609375 0.6125 0.0234375 0.084375
9 0.23984375 0.6625 0.0359375 0.09375
9 0.11328125 0.809375 0.0546875 0.134375
9 0.46484375 0.36796875 0.0046875 0.015625
9 0.45703125 0.36015625 0.003125 0.015625
9 0.45078125 0.3625 0.003125 0.0140625
9 0.45390625 0.37109375 0.003125 0.0140625
9 0.4890625 0.36875 0.003125 0.015625
9 0.49375 0.365625 0.003125 0.015625