9 0.3375 0.67734375 0.0578125 0.090625
9 0.4734375 0.52265625 0.01875 0.0375
9 0.446875 0.51328125 0.02109375 0.03125
9 0.51484375 0.44296875 0.01015625 0.015625
9 0.50703125 0.440625 0.0078125 0.01328125
8 0.546875 0.53984375 0.06640625 0.0515625
8 0.359375 0.48046875 0.04453125 0.03046875
8 0.5609375 0.4921875 0.04453125 0.034375
8 0.49921875 0.47578125 0.053125 0.05234375
8 0.559375 0.45234375 0.02890625 0.01953125
8 0.5328125 0.43828125 0.02265625 0.01875
8 0.475 0.44921875 0.02421875 0.01796875
8 0.49765625 0.4328125 0.0234375 0.01640625