9 0.775 0.73125 0.0890625 0.1203125
9 0.64765625 0.653125 0.06875 0.1015625
9 0.6296875 0.528125 0.0515625 0.0703125
9 0.58984375 0.4765625 0.0453125 0.0578125
9 0.5609375 0.41171875 0.028125 0.04375
9 0.49296875 0.40234375 0.0359375 0.040625
9 0.515625 0.39140625 0.0234375 0.0375
9 0.4796875 0.36171875 0.025 0.034375
9 0.5125 0.36953125 0.0203125 0.028125
9 0.51328125 0.3515625 0.021875 0.028125
3 0.4296875 0.334375 0.034375 0.0375
8 0.4296875 0.3671875 0.0546875 0.046875
8 0.4046875 0.40703125 0.0703125 0.0515625
8 0.3640625 0.4703125 0.1109375 0.0765625
8 0.22421875 0.415625 0.0890625 0.0609375
8 0.46875 0.325 0.03125 0.025