9 0.03671875 0.634375 0.040625 0.05078125
9 0.12265625 0.6125 0.02890625 0.04296875
9 0.10546875 0.5921875 0.0296875 0.0390625
9 0.44375 0.69140625 0.03828125 0.06015625
9 0.4015625 0.6609375 0.03203125 0.0625
9 0.528125 0.61171875 0.0296875 0.04140625
9 0.41953125 0.5734375 0.02421875 0.0328125
9 0.44921875 0.55703125 0.0140625 0.025
9 0.48359375 0.5578125 0.015625 0.02578125
9 0.50703125 0.55859375 0.015625 0.02734375
9 0.43203125 0.53203125 0.01171875 0.01875
9 0.4578125 0.53359375 0.0125 0.01875
9 0.48359375 0.5359375 0.0140625 0.02109375
9 0.496875 0.5359375 0.01171875 0.0203125
9 0.51015625 0.528125 0.01015625 0.0171875
9 0.43515625 0.896875 0.07890625 0.13046875
8 0.46875 0.503125 0.02421875 0.01484375