9 0.09765625 0.953125 0.1140625 0.09375
9 0.30859375 0.825 0.1234375 0.103125
9 0.48359375 0.58515625 0.0765625 0.059375
9 0.5203125 0.62890625 0.071875 0.05625
9 0.5265625 0.55390625 0.0703125 0.059375
9 0.59453125 0.5328125 0.046875 0.040625
9 0.5890625 0.49453125 0.046875 0.0390625
9 0.62890625 0.48515625 0.0265625 0.025
9 0.6296875 0.5015625 0.0296875 0.021875
9 0.63671875 0.5265625 0.0296875 0.025
9 0.53515625 0.12265625 0.0546875 0.0546875
9 0.490625 0.03515625 0.0640625 0.0578125
8 0.478125 0.3765625 0.1 0.1171875
8 0.5796875 0.42109375 0.0765625 0.084375
8 0.25703125 0.6578125 0.2453125 0.2546875
8 0.13671875 0.2203125 0.2734375 0.35625
8 0.665625 0.46953125 0.0328125 0.0328125
3 0.64453125 0.42421875 0.059375 0.0515625