9 0.3640625 0.753125 0.140625 0.0578125
9 0.1046875 0.30234375 0.1453125 0.0703125
9 0.3515625 0.08515625 0.1890625 0.0890625
9 0.296875 0.18359375 0.1890625 0.071875
9 0.41953125 0.1765625 0.14375 0.0625
9 0.27109375 0.453125 0.16875 0.06875
9 0.3359375 0.38203125 0.1671875 0.0640625
9 0.3890625 0.459375 0.1546875 0.059375
9 0.4296875 0.34609375 0.1375 0.0484375
9 0.4640625 0.38828125 0.13125 0.05625
9 0.4953125 0.4328125 0.1140625 0.046875
9 0.54375 0.47890625 0.121875 0.0453125
9 0.5875 0.528125 0.103125 0.040625
9 0.52578125 0.38046875 0.103125 0.0453125
9 0.55390625 0.409375 0.1 0.0484375
9 0.6 0.42265625 0.0875 0.040625
9 0.63203125 0.41640625 0.0875 0.0421875
9 0.59296875 0.34140625 0.1046875 0.04375
9 0.4140625 0.26953125 0.1390625 0.0515625
9 0.47421875 0.2515625 0.1390625 0.0515625
9 0.4984375 0.2109375 0.10625 0.046875
9 0.559375 0.2515625 0.13125 0.0453125
9 0.58984375 0.28984375 0.1140625 0.04375
9 0.6546875 0.33203125 0.09375 0.04375
9 0.72265625 0.38671875 0.0765625 0.034375
9 0.71328125 0.44609375 0.08125 0.0296875
9 0.68359375 0.47734375 0.0796875 0.0359375
9 0.69375 0.54765625 0.0859375 0.0359375
9 0.70078125 0.596875 0.0890625 0.0328125
9 0.678125 0.67421875 0.084375 0.0375
9 0.74453125 0.43046875 0.06875 0.0265625
9 0.78984375 0.43359375 0.0515625 0.0265625
9 0.80234375 0.45625 0.05 0.025
9 0.78671875 0.46796875 0.0625 0.0234375
9 0.775 0.47890625 0.0609375 0.0234375
9 0.7203125 0.4796875 0.0671875 0.025
9 0.74375 0.5015625 0.0671875 0.0296875
9 0.7234375 0.515625 0.075 0.0265625
9 0.76484375 0.53046875 0.0421875 0.0203125
9 0.78984375 0.546875 0.06875 0.025
9 0.7984375 0.53203125 0.0484375 0.021875
9 0.8125 0.496875 0.0328125 0.015625
9 0.76015625 0.56953125 0.0546875 0.0265625
9 0.77265625 0.6125 0.0640625 0.0265625
9 0.79921875 0.63359375 0.0453125 0.01875
9 0.840625 0.640625 0.0421875 0.01875
9 0.90234375 0.66171875 0.0328125 0.0140625
9 0.88515625 0.6421875 0.0296875 0.0140625
9 0.8390625 0.6265625 0.05 0.0203125
9 0.84375 0.59765625 0.0390625 0.0171875
9 0.87421875 0.6171875 0.040625 0.0171875
9 0.81484375 0.5640625 0.04375 0.01875
9 0.8234375 0.57421875 0.0484375 0.0203125
9 0.815625 0.528125 0.0484375 0.025
9 0.840625 0.51484375 0.0359375 0.0171875
9 0.865625 0.5390625 0.040625 0.0171875
9 0.8390625 0.5453125 0.04375 0.015625
9 0.85234375 0.55546875 0.04375 0.01875
9 0.85546875 0.5765625 0.0390625 0.0171875
9 0.8640625 0.590625 0.0328125 0.015625
9 0.88203125 0.55625 0.0296875 0.0140625
9 0.89296875 0.56640625 0.03125 0.015625
9 0.8765625 0.52109375 0.0328125 0.0140625
9 0.87734375 0.53515625 0.0484375 0.0203125
9 0.90625 0.5375 0.028125 0.0125
9 0.88515625 0.6 0.0296875 0.0125
9 0.88671875 0.5828125 0.03125 0.0125
9 0.9015625 0.61796875 0.03125 0.0125
8 0.096875 0.5140625 0.19375 0.165625
8 0.43515625 0.5859375 0.1921875 0.1234375
8 0.615625 0.62109375 0.1421875 0.090625