3 0.51328125 0.87109375 0.11171875 0.12578125
8 0.48203125 0.8328125 0.1109375 0.06015625
8 0.46796875 0.75859375 0.05078125 0.04453125
8 0.5 0.715625 0.04296875 0.03203125
8 0.4359375 0.71953125 0.04375 0.0328125
8 0.35859375 0.753125 0.04140625 0.04140625
8 0.3546875 0.7125 0.040625 0.02578125
8 0.37265625 0.7046875 0.03984375 0.02265625
8 0.36015625 0.68828125 0.03515625 0.02109375
8 0.43125 0.69296875 0.0390625 0.021875
8 0.46875 0.66484375 0.021875 0.01484375
8 0.45625 0.65625 0.01796875 0.0109375
8 0.37578125 0.65625 0.0328125 0.01640625
8 0.40390625 0.675 0.02265625 0.02109375
8 0.403125 0.64453125 0.0171875 0.0125
8 0.3984375 0.6390625 0.01953125 0.0109375
8 0.39296875 0.6296875 0.015625 0.009375
8 0.4328125 0.63515625 0.01796875 0.0109375
3 0.428125 0.6765625 0.03671875 0.0421875
1 0.39453125 0.6203125 0.01875 0.0171875