9 0.8328125 0.71796875 0.0890625 0.0390625
9 0.8578125 0.8109375 0.0984375 0.040625
9 0.8203125 0.7828125 0.08125 0.0296875
9 0.69765625 0.646875 0.0640625 0.0265625
9 0.6453125 0.63203125 0.0515625 0.025
9 0.6109375 0.6296875 0.0640625 0.0265625
9 0.57265625 0.63046875 0.0515625 0.021875
9 0.55859375 0.6015625 0.059375 0.021875
9 0.5921875 0.5890625 0.059375 0.021875
9 0.6125 0.57109375 0.0640625 0.0265625
9 0.54296875 0.53515625 0.0515625 0.0234375
9 0.56640625 0.5625 0.0421875 0.01875
9 0.51953125 0.51328125 0.0515625 0.0203125
9 0.51640625 0.49609375 0.0515625 0.0203125
9 0.72421875 0.4703125 0.065625 0.0328125
9 0.7609375 0.39921875 0.071875 0.034375
9 0.72265625 0.3765625 0.0609375 0.0265625
9 0.71875 0.328125 0.0578125 0.025
9 0.71484375 0.29921875 0.059375 0.025
9 0.69453125 0.44140625 0.06875 0.028125
9 0.6546875 0.36875 0.0546875 0.0234375
9 0.63828125 0.35 0.0484375 0.021875
9 0.64609375 0.3109375 0.053125 0.0234375
9 0.5984375 0.3625 0.0515625 0.0203125
9 0.603125 0.33203125 0.0421875 0.01875
9 0.56796875 0.38359375 0.0453125 0.01875
9 0.57265625 0.36953125 0.0359375 0.0140625
9 0.54765625 0.3578125 0.0421875 0.01875
9 0.5375 0.340625 0.04375 0.0171875
9 0.56484375 0.32890625 0.0390625 0.0203125
9 0.5015625 0.37578125 0.0375 0.015625
9 0.465625 0.365625 0.0265625 0.0125
9 0.4703125 0.4328125 0.028125 0.0125
9 0.44375 0.32109375 0.0265625 0.025
9 0.42109375 0.296875 0.025 0.0109375
9 0.4109375 0.315625 0.0265625 0.0125
9 0.41875 0.35 0.025 0.0109375
9 0.4 0.35234375 0.025 0.009375
9 0.37578125 0.3734375 0.025 0.0109375
9 0.36953125 0.35859375 0.015625 0.0078125
9 0.3921875 0.3375 0.021875 0.0078125
9 0.39765625 0.3453125 0.01875 0.009375
9 0.3921875 0.3125 0.0203125 0.0109375
9 0.38359375 0.32265625 0.021875 0.009375
9 0.3640625 0.3515625 0.021875 0.009375
9 0.3640625 0.36171875 0.0234375 0.0078125
9 0.3640625 0.4109375 0.028125 0.0125
9 0.36953125 0.38515625 0.01875 0.0078125
9 0.446875 0.4390625 0.0390625 0.015625
9 0.4578125 0.4546875 0.03125 0.0125
9 0.478125 0.475 0.0328125 0.015625
9 0.4796875 0.48671875 0.0359375 0.0171875
9 0.48515625 0.50625 0.03125 0.015625
9 0.50078125 0.4734375 0.0390625 0.015625
9 0.4953125 0.4578125 0.0359375 0.015625
9 0.54453125 0.4234375 0.04375 0.01875
1 0.85 0.53984375 0.2453125 0.1515625
8 0.76875 0.76328125 0.1109375 0.0921875
8 0.77890625 0.90234375 0.1484375 0.109375
8 0.72109375 0.82109375 0.0859375 0.059375
8 0.63984375 0.75078125 0.06875 0.0625
8 0.42265625 0.51015625 0.0390625 0.0328125
8 0.40703125 0.49296875 0.028125 0.0234375
8 0.4390625 0.4796875 0.040625 0.0328125
8 0.39296875 0.46796875 0.0375 0.028125
8 0.38984375 0.434375 0.03125 0.025
8 0.39296875 0.396875 0.0328125 0.025
8 0.37109375 0.4265625 0.0328125 0.025
8 0.42109375 0.3703125 0.0359375 0.03125
8 0.42890625 0.40859375 0.0296875 0.0265625
8 0.45859375 0.409375 0.0453125 0.0359375
8 0.5140625 0.41640625 0.0484375 0.0390625
8 0.64140625 0.43203125 0.08125 0.0640625
8 0.6203125 0.44765625 0.053125 0.0453125