9 0.96484375 0.28203125 0.0703125 0.1609375
9 0.71171875 0.29296875 0.1015625 0.109375
9 0.6296875 0.27421875 0.0796875 0.075
9 0.54453125 0.43515625 0.0640625 0.059375
9 0.48671875 0.540625 0.053125 0.0484375
9 0.41015625 0.5484375 0.0328125 0.0359375
9 0.39765625 0.60625 0.0328125 0.0328125
9 0.38359375 0.6453125 0.0375 0.03125
9 0.3859375 0.58671875 0.028125 0.0265625
9 0.365625 0.59296875 0.021875 0.021875
9 0.36171875 0.621875 0.021875 0.0171875
9 0.35078125 0.64375 0.025 0.021875
8 0.6125 0.640625 0.1328125 0.18125
8 0.309375 0.66640625 0.015625 0.0203125
7 0.33125 0.66796875 0.034375 0.0390625