9 0.66796875 0.440625 0.0921875 0.0953125
9 0.64140625 0.23828125 0.0546875 0.0625
9 0.6125 0.13203125 0.0375 0.0421875
9 0.59765625 0.1171875 0.0265625 0.03125
9 0.6171875 0.10859375 0.03125 0.0328125
9 0.55078125 0.096875 0.025 0.0375
9 0.55703125 0.0671875 0.0234375 0.028125
9 0.5359375 0.05703125 0.01875 0.0203125
9 0.51640625 0.0453125 0.0140625 0.0171875
9 0.59453125 0.06953125 0.03125 0.0234375
9 0.56015625 0.046875 0.0125 0.0171875
9 0.5390625 0.040625 0.0140625 0.0171875
8 0.51796875 0.06328125 0.03125 0.0234375
8 0.5265625 0.07578125 0.0375 0.0296875
8 0.52109375 0.02890625 0.0203125 0.015625
8 0.59140625 0.05390625 0.0265625 0.015625
8 0.49921875 0.13359375 0.06875 0.0515625
8 0.5953125 0.18359375 0.078125 0.059375
8 0.42890625 0.4375 0.2140625 0.178125