8 0.3140625 0.759375 0.2109375 0.10625
8 0.28125 0.67890625 0.2 0.0984375
8 0.3234375 0.4953125 0.1703125 0.0875
8 0.115625 0.5375 0.15 0.0765625
8 0.11953125 0.42421875 0.15 0.078125
8 0.44453125 0.35234375 0.16875 0.0875
2 0.225 0.58359375 0.396875 0.1796875
9 0.4515625 0.590625 0.05625 0.03125
9 0.38046875 0.60859375 0.075 0.0390625
9 0.31796875 0.621875 0.0765625 0.0453125
9 0.53046875 0.43828125 0.053125 0.0375
9 0.6359375 0.4125 0.0703125 0.034375
9 0.7609375 0.359375 0.078125 0.0515625
9 0.575 0.240625 0.0578125 0.0375
9 0.71640625 0.19140625 0.046875 0.03125
9 0.76796875 0.19140625 0.05625 0.0421875
9 0.46875 0.8546875 0.0671875 0.0484375
9 0.3796875 0.815625 0.053125 0.0328125
9 0.22265625 0.8859375 0.06875 0.0375
9 0.27265625 0.93984375 0.0640625 0.03125
9 0.540625 0.903125 0.0734375 0.040625