9 0.165625 0.49765625 0.025 0.04375
9 0.41640625 0.4453125 0.01328125 0.01875
9 0.44609375 0.4734375 0.01328125 0.025
9 0.45390625 0.50234375 0.02109375 0.0375
9 0.4765625 0.49375 0.0234375 0.03125
9 0.5078125 0.53125 0.02578125 0.0421875
9 0.57265625 0.61015625 0.040625 0.06171875
5 0.64453125 0.6015625 0.03984375 0.06328125
9 0.5640625 0.67265625 0.0484375 0.07578125
9 0.53046875 0.71796875 0.0609375 0.08671875
9 0.8 0.71015625 0.08828125 0.08984375
9 0.83203125 0.91953125 0.12265625 0.15234375
8 0.34609375 0.86171875 0.19921875 0.22734375
8 0.36171875 0.58046875 0.09296875 0.07109375
8 0.48203125 0.565625 0.0875 0.0578125
8 0.4203125 0.46484375 0.034375 0.0296875
8 0.38046875 0.43359375 0.02890625 0.021875
8 0.36484375 0.453125 0.03125 0.02734375
8 0.48515625 0.459375 0.0578125 0.05546875
7 0.37734375 0.49765625 0.06796875 0.0765625