9 0.30703125 0.4921875 0.121875 0.0984375
9 0.54765625 0.50703125 0.0703125 0.0515625
9 0.59140625 0.6203125 0.059375 0.0546875
9 0.64921875 0.646875 0.05 0.0609375
9 0.69609375 0.60234375 0.034375 0.0328125
9 0.72265625 0.52734375 0.01875 0.015625
9 0.7390625 0.5375 0.0171875 0.009375
9 0.7359375 0.51796875 0.0140625 0.0125
8 0.72265625 0.4921875 0.021875 0.03125
8 0.7015625 0.45 0.0265625 0.0359375
8 0.72265625 0.45 0.015625 0.0265625
8 0.734375 0.46328125 0.0140625 0.0171875
8 0.74453125 0.47109375 0.0125 0.0171875
8 0.7359375 0.49296875 0.0171875 0.025
8 0.753125 0.46015625 0.0125 0.01875
3 0.75546875 0.44375 0.015625 0.0171875
9 0.7578125 0.47890625 0.0109375 0.0078125
9 0.75 0.5140625 0.0109375 0.0078125