9 0.609375 0.6375 0.053125 0.06875
9 0.534375 0.6203125 0.0328125 0.0578125
9 0.04375 0.52734375 0.0484375 0.071875
9 0.54765625 0.56875 0.040625 0.046875
10 0.5515625 0.51875 0.0640625 0.059375
9 0.6234375 0.52578125 0.028125 0.0421875
9 0.56640625 0.47265625 0.0171875 0.0265625
9 0.540625 0.48125 0.015625 0.0265625
0 0.64296875 0.50859375 0.01875 0.0359375
3 0.49921875 0.465625 0.0375 0.0375
9 0.52109375 0.44140625 0.0109375 0.01875
9 0.50078125 0.43828125 0.0109375 0.015625
9 0.4859375 0.4359375 0.0109375 0.01875
9 0.47109375 0.43671875 0.0109375 0.021875
9 0.509375 0.42734375 0.0109375 0.015625
9 0.50078125 0.415625 0.0078125 0.0125
9 0.515625 0.4125 0.0078125 0.0125
9 0.509375 0.4078125 0.009375 0.009375
9 0.4921875 0.41015625 0.0078125 0.0125
9 0.4890625 0.3890625 0.0046875 0.009375
1 0.54296875 0.4234375 0.046875 0.04375
8 0.4296875 0.54765625 0.0734375 0.0640625
8 0.43515625 0.4765625 0.05 0.0421875
8 0.43984375 0.440625 0.0328125 0.025
8 0.4421875 0.41796875 0.028125 0.0203125
3 0.4515625 0.3984375 0.03125 0.03125
8 0.48046875 0.3953125 0.0171875 0.0140625
8 0.45703125 0.38125 0.015625 0.0109375
8 0.471875 0.37734375 0.0125 0.0109375
8 0.453125 0.371875 0.0125 0.009375
8 0.453125 0.3640625 0.009375 0.0078125
8 0.50703125 0.38671875 0.0140625 0.009375
8 0.4984375 0.38203125 0.0125 0.0109375
8 0.48828125 0.3703125 0.0109375 0.009375
9 0.76640625 0.5359375 0.04375 0.0390625