9 0.3953125 0.553125 0.08125 0.0640625
9 0.60390625 0.48671875 0.0234375 0.01875
9 0.6078125 0.509375 0.021875 0.0171875
9 0.59609375 0.5265625 0.0234375 0.0171875
9 0.63046875 0.4953125 0.0171875 0.0109375
9 0.6265625 0.51953125 0.0140625 0.0125
9 0.640625 0.50703125 0.0140625 0.009375
9 0.64140625 0.51640625 0.015625 0.009375
9 0.65234375 0.5109375 0.0109375 0.009375
9 0.6578125 0.496875 0.0125 0.009375
9 0.65703125 0.50390625 0.0109375 0.0078125
8 0.6671875 0.48828125 0.0125 0.0125
8 0.565625 0.54296875 0.0375 0.0453125
8 0.57890625 0.43828125 0.0546875 0.059375
8 0.625 0.45390625 0.025 0.0265625
8 0.64921875 0.4765625 0.01875 0.01875
0 0.3109375 0.74140625 0.08125 0.0515625