9 0.80859375 0.43828125 0.06953125 0.06875
9 0.7265625 0.31953125 0.04375 0.04609375
9 0.60703125 0.2640625 0.0375 0.03671875
9 0.55859375 0.18984375 0.01328125 0.01875
9 0.48671875 0.15546875 0.01484375 0.0109375
9 0.4703125 0.1453125 0.00546875 0.00703125
9 0.4953125 0.1484375 0.00546875 0.00703125
9 0.47890625 0.14140625 0.0046875 0.00546875
8 0.43515625 0.14296875 0.02109375 0.00859375
8 0.48828125 0.1921875 0.03828125 0.0234375
10 0.53125 0.178125 0.0296875 0.01796875
8 0.42109375 0.24921875 0.05703125 0.03359375
8 0.615625 0.33984375 0.12578125 0.06171875
8 0.396875 0.34609375 0.12109375 0.0625