8 0.4953125 0.84609375 0.20078125 0.28125
8 0.5359375 0.5078125 0.04765625 0.03671875
8 0.53671875 0.47109375 0.0265625 0.025
8 0.50703125 0.46171875 0.02265625 0.01953125
8 0.5390625 0.44921875 0.01953125 0.01328125
8 0.5140625 0.43828125 0.01484375 0.0125
8 0.47734375 0.4375 0.015625 0.01171875
8 0.4546875 0.4546875 0.01953125 0.01484375
8 0.4875 0.43125 0.01328125 0.01015625
8 0.53828125 0.43984375 0.01640625 0.00703125
8 0.5359375 0.43203125 0.01484375 0.00859375
8 0.51796875 0.42578125 0.0109375 0.0078125
8 0.52109375 0.42109375 0.009375 0.0046875
3 0.53671875 0.42421875 0.015625 0.01015625
9 0.47734375 0.5171875 0.01796875 0.028125
9 0.446875 0.52265625 0.01640625 0.028125
9 0.41953125 0.51796875 0.01796875 0.0265625
9 0.44140625 0.496875 0.015625 0.02109375
9 0.47578125 0.46328125 0.0078125 0.0140625
9 0.46875 0.459375 0.0078125 0.01640625
9 0.4875 0.44921875 0.0078125 0.01328125
9 0.4984375 0.44296875 0.00859375 0.01015625
9 0.3015625 0.61796875 0.028125 0.0546875
0 0.365625 0.528125 0.01796875 0.0265625
1 0.38671875 0.6171875 0.14609375 0.17734375