9 0.3203125 0.8109375 0.1328125 0.1078125
9 0.375 0.67265625 0.1109375 0.084375
9 0.49453125 0.63203125 0.0765625 0.0625
9 0.5390625 0.58515625 0.065625 0.0546875
9 0.59765625 0.54453125 0.0484375 0.0359375
9 0.59453125 0.47578125 0.046875 0.04375
9 0.61015625 0.49609375 0.040625 0.0296875
9 0.63203125 0.45625 0.0390625 0.03125
9 0.63125 0.48984375 0.03125 0.025
9 0.6484375 0.48671875 0.03125 0.0265625
3 0.6515625 0.40234375 0.04375 0.040625
8 0.61875 0.4078125 0.0546875 0.0609375
8 0.575 0.38984375 0.0625 0.0765625
8 0.50546875 0.3609375 0.09375 0.121875
8 0.53515625 0.2140625 0.075 0.096875
8 0.6671875 0.4390625 0.03125 0.0359375