9 0.4984375 0.18515625 0.08125 0.08125
9 0.36640625 0.24296875 0.0546875 0.0515625
9 0.2890625 0.35 0.04375 0.04375
9 0.20703125 0.38359375 0.0203125 0.015625
9 0.159375 0.44765625 0.0140625 0.0171875
9 0.14609375 0.46171875 0.0078125 0.0078125
9 0.15390625 0.4375 0.0078125 0.0078125
9 0.14375 0.45234375 0.00625 0.00625
8 0.1375 0.4953125 0.0140625 0.0234375
8 0.1953125 0.453125 0.0296875 0.040625
10 0.18984375 0.4078125 0.0234375 0.0328125
8 0.2390625 0.5296875 0.04375 0.0625
8 0.36484375 0.35625 0.0859375 0.134375
8 0.32890625 0.571875 0.084375 0.13125