9 0.8765625 0.7546875 0.14921875 0.11640625
9 0.51328125 0.6609375 0.059375 0.1
9 0.43359375 0.64140625 0.05859375 0.10234375
9 0.509375 0.55625 0.04375 0.078125
8 0.39453125 0.53828125 0.1171875 0.08828125
9 0.48671875 0.4234375 0.03203125 0.03828125
9 0.4859375 0.38125 0.01640625 0.02734375
9 0.46796875 0.36953125 0.021875 0.03125
9 0.446875 0.3421875 0.01484375 0.0234375
9 0.49609375 0.36484375 0.0140625 0.02265625
9 0.4921875 0.3546875 0.01015625 0.021875
9 0.46953125 0.3484375 0.01484375 0.021875
9 0.4390625 0.3203125 0.009375 0.015625
9 0.45625 0.3234375 0.00859375 0.01484375
9 0.4703125 0.334375 0.0140625 0.0203125
9 0.48359375 0.3265625 0.0171875 0.02109375
8 0.41171875 0.31953125 0.0453125 0.040625