8 0.28125 0.69140625 0.18046875 0.15859375
2 0.47083333281249995 0.8140625 0.4739583328125 0.82421875 0.48541666718750004 0.83515625 0.5 0.88828125 0.5041666671875 0.92265625 0.5145833328125 0.92421875 0.5208333328125 0.93359375 0.528125 0.93359375 0.5510416671875 0.93203125 0.5614583328125 0.92578125 0.6614583328125 0.925 0.7125 0.9125 0.7447916671875 0.9125 0.7770833328125 0.77265625 0.7770833328125 0.746875 0.7666666671875 0.73046875 0.7697916671875 0.7234375 0.765625 0.7234375 0.759375 0.71796875 0.7614583328125 0.71640625 0.7385416671875 0.703125 0.7229166671875 0.68046875 0.61875 0.5703125 0.590625 0.55 0.5010416671875 0.54609375 0.453125 0.55078125 0.4458333328125 0.56796875 0.44375 0.60546875 0.44375 0.67890625 0.45104166718750005 0.72265625 0.47083333281249995 0.77421875 0.47083333281249995 0.8140625
9 0.771875 0.70625 0.0390625 0.0890625
9 0.603125 0.53671875 0.0421875 0.05625
9 0.4359375 0.37890625 0.01953125 0.025
9 0.39765625 0.35078125 0.00546875 0.01640625
9 0.38046875 0.3421875 0.0046875 0.01484375
9 0.4 0.3390625 0.00546875 0.0140625
9 0.41875 0.3421875 0.0046875 0.0140625
9 0.40234375 0.325 0.0046875 0.0109375
9 0.42421875 0.33046875 0.00546875 0.0125
2 0.38046875 0.31640625 0.021875 0.01875
8 0.34921875 0.3171875 0.015625 0.01171875
8 0.35 0.29453125 0.00859375 0.00703125
8 0.36328125 0.29609375 0.009375 0.00546875
8 0.36796875 0.30234375 0.01171875 0.00625
8 0.3703125 0.309375 0.0125 0.00625
3 0.38125 0.303125 0.009375 0.01328125
8 0.34609375 0.3828125 0.04140625 0.03515625