8 0.3453125 0.25390625 0.1859375 0.2046875
2 0.0818955390625 0.4379973640625 0.0787227515625 0.4480413546875 0.0684854578125 0.45274783281250003 0.0673447890625 0.45994972812499996 0.0653030953125 0.4828286828125 0.069846621875 0.49409481718750003 0.054974807812500005 0.592985865625 0.0593362359375 0.64535455625 0.05428470625 0.677248659375 0.18735521718749998 0.7310191421875001 0.2128190578125 0.73505221875 0.2306528453125 0.727330303125 0.237108671875 0.7315167578125 0.23776048125 0.7274013890625 0.24413961718750002 0.7220838390625001 0.24535697500000003 0.7243859515625 0.2620596671875 0.7038290734375 0.2868812703125 0.6919406609375 0.4119765703125 0.6062886921875 0.43643870937499996 0.5816875328125 0.4543107875 0.49381819218749995 0.45717681718750003 0.445758171875 0.4413415921875 0.435867559375 0.40462918437499995 0.4279435828125 0.332095821875 0.4164554265625 0.2877437890625 0.4168133140625 0.23372000937499998 0.428295159375 0.19436680312500001 0.4220622234375 0.18384673437500001 0.4235599625 0.171251415625 0.4331662234375 0.11649913593750001 0.4392594296875 0.0818955390625 0.4379973640625
9 0.25390625 0.7359375 0.09375 0.053125
9 0.44765625 0.59609375 0.0625 0.05
9 0.6296875 0.45546875 0.028125 0.021875
9 0.66328125 0.421875 0.0171875 0.009375
9 0.67421875 0.40625 0.015625 0.0078125
9 0.67421875 0.4265625 0.015625 0.0078125
9 0.66875 0.44453125 0.0140625 0.00625
9 0.68828125 0.43125 0.0109375 0.00625
9 0.6796875 0.4515625 0.0140625 0.0078125
2 0.7 0.4109375 0.021875 0.025
8 0.70390625 0.3796875 0.0140625 0.0171875
8 0.7265625 0.384375 0.0078125 0.0109375
8 0.72265625 0.396875 0.0078125 0.0109375
8 0.715625 0.40078125 0.0078125 0.0140625
8 0.70859375 0.4015625 0.0078125 0.0140625
3 0.71328125 0.41328125 0.0140625 0.0109375
8 0.63984375 0.36640625 0.040625 0.0453125