9 0.8640625 0.40078125 0.2078125 0.08125
9 0.89296875 0.63984375 0.1796875 0.0734375
9 0.69453125 0.5609375 0.16875 0.0609375
9 0.64140625 0.66953125 0.1765625 0.0703125
9 0.56328125 0.72265625 0.1546875 0.0625
9 0.58828125 0.57421875 0.14375 0.0546875
9 0.515625 0.6 0.125 0.0484375
9 0.44921875 0.5453125 0.1046875 0.0390625
9 0.446875 0.49609375 0.1078125 0.0421875
9 0.37890625 0.44453125 0.0890625 0.0328125
9 0.37421875 0.51796875 0.0828125 0.028125
9 0.37890625 0.5703125 0.0859375 0.0328125
9 0.35078125 0.59296875 0.0828125 0.03125
9 0.39921875 0.63046875 0.096875 0.0421875
9 0.36328125 0.6484375 0.09375 0.034375
9 0.321875 0.61015625 0.0796875 0.0265625
9 0.2625 0.625 0.0703125 0.025
9 0.33359375 0.553125 0.0703125 0.03125
9 0.31015625 0.49921875 0.0578125 0.0234375
9 0.32734375 0.5078125 0.05 0.025
9 0.26328125 0.50234375 0.0640625 0.0234375
9 0.2453125 0.51953125 0.0640625 0.0265625
9 0.28203125 0.56484375 0.065625 0.025
9 0.275 0.58515625 0.0609375 0.0234375
9 0.21953125 0.5765625 0.0515625 0.021875
9 0.196875 0.58125 0.0453125 0.0171875
9 0.21953125 0.55546875 0.0515625 0.01875
9 0.259375 0.54921875 0.059375 0.01875
9 0.1796875 0.565625 0.0421875 0.0140625
9 0.190625 0.52734375 0.046875 0.0171875
9 0.1828125 0.50625 0.0421875 0.0171875
9 0.19375 0.4828125 0.0453125 0.0171875
9 0.14296875 0.49453125 0.0328125 0.015625
9 0.1625 0.509375 0.0390625 0.0140625
9 0.15703125 0.55234375 0.0390625 0.0140625
9 0.140625 0.5515625 0.0359375 0.015625
9 0.165625 0.5296875 0.0328125 0.015625
9 0.13671875 0.525 0.028125 0.0140625
9 0.11484375 0.52578125 0.025 0.009375
9 0.1234375 0.521875 0.021875 0.0078125
9 0.08515625 0.4984375 0.021875 0.009375
9 0.0859375 0.4765625 0.0203125 0.0078125
9 0.0765625 0.48203125 0.015625 0.00625
9 0.078125 0.46875 0.015625 0.00625
9 0.07734375 0.46015625 0.015625 0.00625
8 0.2109375 0.45390625 0.059375 0.040625
8 0.23359375 0.396875 0.05 0.0453125
8 0.1390625 0.42109375 0.03125 0.0234375
8 0.11953125 0.45546875 0.0328125 0.0203125
8 0.08359375 0.43984375 0.0203125 0.0125
8 0.065625 0.44765625 0.0203125 0.0125
9 0.1765625 0.60390625 0.05 0.021875
0 0.3875 0.7 0.1015625 0.0390625
9 0.3609375 0.88125 0.0953125 0.040625
9 0.2921875 0.865625 0.08125 0.040625
9 0.23515625 0.76875 0.0640625 0.0265625
9 0.19453125 0.74921875 0.0578125 0.021875
9 0.16796875 0.72109375 0.0234375 0.0140625
9 0.19609375 0.68984375 0.0484375 0.01875
9 0.1828125 0.6734375 0.05625 0.0203125
9 0.1609375 0.684375 0.0265625 0.0125
9 0.16171875 0.69453125 0.04375 0.0203125
9 0.16796875 0.65859375 0.04375 0.0171875
9 0.1453125 0.67109375 0.0359375 0.015625
9 0.1375 0.6515625 0.028125 0.0109375
9 0.14140625 0.63671875 0.0328125 0.015625
9 0.1296875 0.64140625 0.0296875 0.0140625
8 0.21484375 0.71875 0.08125 0.05