9 0.55390625 0.509375 0.04765625 0.1171875
9 0.51015625 0.46171875 0.03359375 0.11171875
9 0.38125 0.478125 0.0484375 0.1328125
9 0.340625 0.59609375 0.053125 0.1640625
9 0.60703125 0.4359375 0.03359375 0.10234375
9 0.64296875 0.40546875 0.02734375 0.0796875
9 0.71875 0.41484375 0.0265625 0.07734375
9 0.4765625 0.4203125 0.0328125 0.0921875
9 0.45078125 0.3890625 0.0203125 0.08125
9 0.64453125 0.89609375 0.09140625 0.20625
9 0.37734375 0.840625 0.07890625 0.2703125
9 0.55234375 0.76328125 0.06875 0.2265625
9 0.5875 0.684375 0.04453125 0.1875
9 0.64453125 0.73828125 0.075 0.23984375
9 0.73828125 0.76171875 0.07109375 0.228125
9 0.8390625 0.78671875 0.05546875 0.1953125
9 0.66953125 0.55234375 0.04609375 0.14765625
9 0.7265625 0.63046875 0.0515625 0.146875
9 0.73671875 0.528125 0.03515625 0.121875
8 0.34921875 0.3921875 0.07890625 0.0953125
8 0.7765625 0.3515625 0.05390625 0.075
8 0.675 0.29296875 0.0375 0.0484375