9 0.1671875 0.38671875 0.1203125 0.0359375
9 0.2203125 0.44765625 0.1 0.04375
9 0.3671875 0.62734375 0.0703125 0.034375
9 0.33359375 0.4375 0.0921875 0.0296875
9 0.32265625 0.30859375 0.084375 0.021875
9 0.2890625 0.22421875 0.0921875 0.0296875
9 0.20546875 0.13359375 0.1109375 0.0390625
9 0.228125 0.0890625 0.1140625 0.0265625
9 0.28125 0.0625 0.0890625 0.0375
9 0.3234375 0.16484375 0.0859375 0.028125
9 0.3296875 0.246875 0.071875 0.028125
9 0.3703125 0.2828125 0.071875 0.0203125
9 0.38984375 0.25859375 0.071875 0.0234375
9 0.4078125 0.228125 0.059375 0.0265625
9 0.43046875 0.20859375 0.0671875 0.0296875
9 0.47734375 0.1625 0.059375 0.0234375
9 0.45234375 0.24140625 0.0640625 0.0203125
9 0.44765625 0.2640625 0.0609375 0.0234375
9 0.44765625 0.2875 0.0640625 0.01875
9 0.42734375 0.30390625 0.0625 0.0171875
9 0.415625 0.33046875 0.0625 0.0203125
9 0.37734375 0.36328125 0.075 0.0265625
9 0.37578125 0.38984375 0.0734375 0.0203125
9 0.44296875 0.40703125 0.0671875 0.0234375
9 0.44453125 0.384375 0.0578125 0.0203125
9 0.4359375 0.36171875 0.0578125 0.021875
9 0.46640625 0.34375 0.053125 0.015625
9 0.49609375 0.35703125 0.04375 0.021875
9 0.4890625 0.38359375 0.04375 0.0125
9 0.50234375 0.39296875 0.05 0.015625
9 0.45546875 0.31875 0.059375 0.0171875
9 0.48828125 0.325 0.0515625 0.021875
9 0.48515625 0.29765625 0.04375 0.01875
9 0.54296875 0.4640625 0.0390625 0.0171875
9 0.56484375 0.31015625 0.040625 0.015625
9 0.6265625 0.3 0.034375 0.0109375
9 0.65546875 0.3046875 0.021875 0.0109375
9 0.6234375 0.2375 0.0296875 0.0078125
9 0.63125 0.24765625 0.03125 0.0078125
9 0.6484375 0.259375 0.021875 0.0078125
9 0.70546875 0.3515625 0.0203125 0.0046875
9 0.69296875 0.296875 0.015625 0.0078125
9 0.67421875 0.30703125 0.0171875 0.009375
8 0.480400290625 0.5572908703125 0.48468395937500003 0.52788843125 0.4696830109375 0.5194139671875 0.41637625156249997 0.51717149375 0.39064789375000003 0.5346786796874999 0.3680664328125 0.539040028125 0.36707961093749997 0.58500909375 0.37342000937500003 0.5899077562499999 0.393267946875 0.5927807578125 0.4316771015625 0.58507089375 0.480400290625 0.5572908703125
3 0.5271234859375 0.46254153281250004 0.5206331390625001 0.4279304046875 0.4520154015625 0.4216470859375 0.390611415625 0.43962978750000004 0.3761737875 0.4549562984375 0.38024064218750003 0.49236815937499995 0.3932314671875 0.4977318640625 0.43777433437499996 0.49787640624999996 0.4922178640625 0.483862278125 0.5271234859375 0.46254153281250004
8 0.49765625 0.49140625 0.0796875 0.05
8 0.4410853375 0.1001013734375 0.40778659531250006 0.066585815625 0.36933083437500003 0.043105340625 0.3356653265625 0.046691615625 0.340398846875 0.1064265796875 0.40127599218750004 0.1596917953125 0.43210463125 0.1648177421875 0.44793232187500004 0.161469225 0.45401942812499996 0.138133290625 0.4410853375 0.1001013734375
8 0.5453125 0.21640625 0.09375 0.046875
8 0.528125 0.284375 0.0828125 0.040625
8 0.5375 0.33984375 0.059375 0.0390625
8 0.578125 0.33515625 0.0421875 0.040625
8 0.60703125 0.384375 0.0484375 0.028125
8 0.578125 0.41875 0.04375 0.0328125
8 0.534375 0.4203125 0.0453125 0.0453125
8 0.61328125 0.26875 0.0484375 0.03125
8 0.60390625 0.33828125 0.0203125 0.0265625
8 0.62421875 0.33671875 0.0203125 0.0203125
8 0.6484375 0.33515625 0.0171875 0.021875
8 0.665625 0.33203125 0.01875 0.01875
8 0.6359375 0.378125 0.0171875 0.0203125
8 0.65 0.37109375 0.0109375 0.0203125
8 0.66640625 0.3765625 0.0203125 0.0296875
8 0.72890625 0.3953125 0.0265625 0.0140625
8 0.7015625 0.31484375 0.025 0.015625
8 0.68828125 0.328125 0.0171875 0.015625
8 0.72109375 0.35234375 0.0203125 0.0140625
8 0.72578125 0.33671875 0.0140625 0.0140625
8 0.70625 0.29140625 0.01875 0.0140625
9 0.1484375 0.02109375 0.1625 0.0421875