9 0.91875 0.35703125 0.1390625 0.1171875
9 0.6484375 0.653125 0.1875 0.08125
9 0.55625 0.7328125 0.1671875 0.071875
9 0.6578125 0.81796875 0.18125 0.08125
9 0.55 0.50546875 0.16875 0.0765625
9 0.36953125 0.36796875 0.121875 0.05625
9 0.40859375 0.27265625 0.1390625 0.075
9 0.47578125 0.09765625 0.16875 0.096875
9 0.31875 0.49609375 0.125 0.065625
9 0.19296875 0.84453125 0.0671875 0.04375
9 0.325 0.98203125 0.109375 0.0359375
9 0.2421875 0.99140625 0.065625 0.0171875
9 0.221875 0.95625 0.0703125 0.028125
8 0.646875 0.1140625 0.296875 0.228125
8 0.4421875 0.4859375 0.171875 0.171875
8 0.2375 0.70390625 0.1296875 0.10625
8 0.29296875 0.87578125 0.1234375 0.11875
8 0.2171875 0.884375 0.0734375 0.0703125