9 0.44140625 0.46484375 0.0265625 0.0390625
9 0.45546875 0.4375 0.025 0.0328125
9 0.5046875 0.43984375 0.021875 0.0328125
9 0.496875 0.41796875 0.021875 0.03125
9 0.5171875 0.396875 0.0171875 0.0203125
9 0.5390625 0.3984375 0.0140625 0.021875
9 0.5515625 0.39375 0.0078125 0.01875
9 0.5609375 0.3921875 0.0125 0.0171875
9 0.57578125 0.39453125 0.0109375 0.01875
9 0.5875 0.3796875 0.009375 0.0171875
9 0.540625 0.384375 0.0140625 0.0140625
9 0.571875 0.36796875 0.0078125 0.0125
9 0.5703125 0.35859375 0.0046875 0.0125
9 0.5765625 0.36015625 0.0078125 0.0125
9 0.5859375 0.3609375 0.0078125 0.009375
8 0.47421875 0.49921875 0.078125 0.0578125
8 0.57421875 0.49765625 0.0828125 0.0671875
8 0.4 0.40234375 0.046875 0.0359375
8 0.55078125 0.40859375 0.0328125 0.021875
8 0.5984375 0.40078125 0.03125 0.021875
8 0.6015625 0.38515625 0.0234375 0.015625
8 0.60078125 0.375 0.0234375 0.0109375
8 0.5375 0.36796875 0.0234375 0.015625
8 0.51484375 0.38046875 0.0234375 0.0171875
8 0.54921875 0.36328125 0.0203125 0.0109375
8 0.55390625 0.3578125 0.0203125 0.0125
8 0.60234375 0.3640625 0.0203125 0.0171875
8 0.59609375 0.35625 0.0140625 0.0109375
3 0.58203125 0.440625 0.065625 0.06875
8 0.571875 0.38359375 0.0203125 0.0203125
8 0.42890625 0.8375 0.2640625 0.2828125
8 0.5828125 0.578125 0.0921875 0.084375
9 0.14375 0.73828125 0.1109375 0.15625