8 0.4265625 0.42265625 0.0625 0.0796875
8 0.45234375 0.559375 0.05 0.0828125
8 0.48515625 0.5078125 0.0328125 0.0625
8 0.49765625 0.37578125 0.0359375 0.0546875
8 0.49609375 0.27421875 0.0375 0.0484375
8 0.5515625 0.29921875 0.0296875 0.0421875
8 0.584375 0.3078125 0.0234375 0.03125
8 0.51328125 0.3890625 0.0328125 0.053125
8 0.5296875 0.3859375 0.028125 0.046875
1 0.55234375 0.37578125 0.0625 0.0578125
8 0.584375 0.41640625 0.0203125 0.028125
8 0.59453125 0.4 0.0125 0.01875
9 0.59140625 0.38046875 0.0125 0.00625
9 0.596875 0.37578125 0.0125 0.009375
1 0.61328125 0.34296875 0.0234375 0.0234375
8 0.62109375 0.3078125 0.0125 0.015625
3 0.62734375 0.334375 0.015625 0.015625
8 0.6265625 0.35703125 0.0109375 0.015625
8 0.615625 0.37734375 0.0109375 0.015625
8 0.60390625 0.4 0.01875 0.021875