9 0.05859375 0.41171875 0.1171875 0.0453125
9 0.08359375 0.05 0.1671875 0.05625
9 0.225 0.2375 0.1734375 0.040625
9 0.25859375 0.13359375 0.1796875 0.05625
9 0.35703125 0.2015625 0.1359375 0.034375
9 0.36015625 0.29765625 0.1640625 0.0265625
9 0.31953125 0.42265625 0.1609375 0.034375
9 0.26953125 0.5109375 0.175 0.03125
8 0.10625 0.61015625 0.2109375 0.1390625
8 0.453125 0.6015625 0.1921875 0.1
8 0.62578125 0.58828125 0.1234375 0.0640625
9 0.4296875 0.78125 0.146875 0.034375
9 0.38984375 0.48515625 0.1375 0.0296875
9 0.40078125 0.36640625 0.1421875 0.025
9 0.43828125 0.396875 0.13125 0.021875
9 0.48671875 0.4375 0.128125 0.0203125
9 0.54140625 0.46953125 0.1203125 0.0234375
9 0.5875 0.50703125 0.103125 0.021875
9 0.409375 0.2671875 0.128125 0.025
9 0.428125 0.21640625 0.1203125 0.0234375
9 0.4953125 0.24453125 0.121875 0.0203125
9 0.54375 0.2734375 0.1125 0.021875
9 0.546875 0.32265625 0.109375 0.0203125
9 0.61328125 0.296875 0.0890625 0.01875
9 0.684375 0.3375 0.1 0.0171875
9 0.48828125 0.375 0.090625 0.0171875
9 0.53046875 0.39921875 0.090625 0.0171875
9 0.57734375 0.40078125 0.096875 0.0203125
9 0.609375 0.38828125 0.103125 0.0171875
9 0.696875 0.396875 0.0765625 0.0140625
9 0.67421875 0.4328125 0.0875 0.0140625
9 0.7265625 0.37109375 0.08125 0.0140625
9 0.7 0.50078125 0.0796875 0.01875
9 0.715625 0.54453125 0.08125 0.0140625
9 0.71640625 0.62421875 0.071875 0.01875
9 0.79375 0.5421875 0.05625 0.015625
9 0.821875 0.55625 0.05 0.0109375
9 0.74140625 0.5078125 0.05 0.0109375
9 0.76875 0.50390625 0.059375 0.0140625
9 0.7171875 0.46015625 0.0703125 0.0140625
9 0.7015625 0.42734375 0.065625 0.0109375
9 0.72890625 0.44296875 0.0640625 0.0140625
9 0.7703125 0.4 0.05625 0.0109375
9 0.78515625 0.38359375 0.05 0.0109375
9 0.76015625 0.41640625 0.053125 0.0109375
9 0.75078125 0.465625 0.046875 0.0140625
9 0.7890625 0.4765625 0.0546875 0.0109375
9 0.78046875 0.4578125 0.053125 0.0109375
9 0.7828125 0.4375 0.0453125 0.0109375
9 0.82265625 0.48515625 0.0484375 0.0140625
9 0.81875 0.45 0.040625 0.00625
9 0.81484375 0.45859375 0.034375 0.00625
9 0.8578125 0.5109375 0.04375 0.00625
9 0.8578125 0.540625 0.04375 0.009375
9 0.8640625 0.5546875 0.04375 0.009375
9 0.90703125 0.54453125 0.034375 0.009375
9 0.928125 0.559375 0.0328125 0.00625
9 0.890625 0.52109375 0.0453125 0.0109375
9 0.9015625 0.50234375 0.0296875 0.00625
9 0.83203125 0.49375 0.05 0.009375
9 0.8359375 0.43125 0.034375 0.0125
9 0.80546875 0.4234375 0.015625 0.0125
9 0.77890625 0.4265625 0.0375 0.00625