9 0.55 0.68671875 0.0609375 0.08671875
9 0.46875 0.57421875 0.0390625 0.05703125
9 0.5203125 0.5578125 0.0359375 0.05
9 0.46484375 0.4875 0.0171875 0.028125
9 0.51953125 0.503125 0.0265625 0.03359375
9 0.48359375 0.49296875 0.021875 0.03046875
9 0.5 0.4609375 0.01796875 0.01953125
8 0.4515625 0.44765625 0.0296875 0.025
8 0.4328125 0.48125 0.04375 0.0390625
8 0.40625 0.52890625 0.071875 0.04609375
8 0.15859375 0.55234375 0.08671875 0.06015625
8 0.28359375 0.7359375 0.2390625 0.2296875
9 0.078125 0.52265625 0.03984375 0.04375