9 0.1859375 0.85625 0.07109375 0.22421875
9 0.30390625 0.6828125 0.05703125 0.1703125
9 0.38515625 0.66875 0.05625 0.16484375
9 0.26484375 0.63203125 0.04609375 0.1484375
9 0.3234375 0.50703125 0.0359375 0.11796875
9 0.36015625 0.57421875 0.046875 0.1359375
9 0.39296875 0.40234375 0.0296875 0.0921875
9 0.33671875 0.38984375 0.03125 0.09296875
9 0.353125 0.353125 0.0234375 0.08125
9 0.3703125 0.31640625 0.02265625 0.06953125
8 0.57578125 0.41015625 0.10234375 0.125
7 0.8328125 0.7421875 0.334375 0.4890625
7 0.76640625 0.34609375 0.19453125 0.26875
7 0.94453125 0.4 0.1109375 0.33359375
7 0.65546875 0.25 0.11875 0.1484375
7 0.56953125 0.21171875 0.07578125 0.1046875