9 0.49140625 0.40234375 0.11875 0.109375
9 0.41171875 0.38359375 0.0984375 0.1
9 0.3640625 0.28671875 0.0984375 0.0875
9 0.2125 0.44921875 0.0609375 0.0515625
9 0.1640625 0.52578125 0.0421875 0.034375
9 0.13984375 0.5078125 0.040625 0.0328125
9 0.11171875 0.5578125 0.0265625 0.0203125
9 0.0984375 0.534375 0.0265625 0.01875
9 0.08125 0.52734375 0.01875 0.015625
9 0.09375 0.55546875 0.021875 0.0171875
9 0.07734375 0.55859375 0.015625 0.0140625
9 0.103125 0.58203125 0.021875 0.0171875
9 0.08515625 0.5890625 0.0171875 0.0125
9 0.07734375 0.578125 0.015625 0.0125
9 0.08046875 0.6015625 0.0171875 0.0125
9 0.065625 0.57421875 0.015625 0.0125
9 0.06484375 0.58671875 0.0140625 0.0125
9 0.06953125 0.60078125 0.0109375 0.0109375
9 0.06015625 0.603125 0.0109375 0.0078125
9 0.05078125 0.6328125 0.0109375 0.0078125
9 0.053125 0.61171875 0.0109375 0.0078125
9 0.05390625 0.596875 0.0109375 0.009375
9 0.05390625 0.58359375 0.009375 0.00625
9 0.04765625 0.58671875 0.0078125 0.0078125
8 0.09609375 0.6296875 0.028125 0.034375
8 0.06484375 0.628125 0.015625 0.021875
8 0.05078125 0.5546875 0.0171875 0.0234375
8 0.0484375 0.56640625 0.0140625 0.0203125
8 0.03828125 0.58203125 0.0109375 0.0203125
1 0.04453125 0.60859375 0.0171875 0.021875
8 0.46328125 0.5703125 0.1765625 0.20625