9 0.90546875 0.75859375 0.13828125 0.1609375
9 0.696875 0.39140625 0.0734375 0.06953125
9 0.67421875 0.33046875 0.05390625 0.05546875
9 0.55703125 0.278125 0.034375 0.03671875
9 0.553125 0.253125 0.0296875 0.03515625
9 0.6171875 0.25859375 0.0328125 0.03671875
9 0.59296875 0.22421875 0.02421875 0.02890625
9 0.571875 0.20859375 0.01875 0.02265625
9 0.503125 0.19140625 0.0171875 0.01484375
9 0.48671875 0.1828125 0.01484375 0.01953125
9 0.08515625 0.25625 0.0359375 0.03671875
8 0.4515625 0.259375 0.06875 0.03671875
8 0.46875 0.2125 0.040625 0.02421875
8 0.46640625 0.19765625 0.0390625 0.02421875
8 0.540625 0.18671875 0.0390625 0.0203125
8 0.475 0.165625 0.02890625 0.0140625
7 0.52421875 0.21171875 0.0515625 0.04453125