9 0.80078125 0.83515625 0.046875 0.0515625
9 0.6875 0.7484375 0.05 0.05
9 0.51875 0.59140625 0.0375 0.05
9 0.6375 0.63359375 0.040625 0.046875
9 0.5125 0.671875 0.04375 0.0421875
9 0.41875 0.74375 0.0484375 0.05625
9 0.3765625 0.7171875 0.0390625 0.0578125
9 0.35703125 0.73125 0.0421875 0.05
9 0.34140625 0.77734375 0.040625 0.053125
9 0.37734375 0.90234375 0.0359375 0.05
9 0.32890625 0.6859375 0.0328125 0.0421875
9 0.3046875 0.709375 0.0375 0.046875
9 0.275 0.715625 0.03125 0.0421875
9 0.259375 0.75234375 0.0375 0.040625
9 0.25859375 0.6640625 0.0359375 0.04375
9 0.29296875 0.659375 0.0375 0.046875
9 0.321875 0.646875 0.0359375 0.040625
9 0.29296875 0.59921875 0.0296875 0.0421875
9 0.2625 0.61015625 0.034375 0.0484375
9 0.2328125 0.6 0.0328125 0.0390625
9 0.21953125 0.6328125 0.0265625 0.0359375
9 0.2125 0.6671875 0.0375 0.0453125
9 0.19140625 0.57265625 0.0296875 0.0421875
9 0.21640625 0.54921875 0.0265625 0.040625
9 0.2375 0.55078125 0.03125 0.04375
9 0.26171875 0.553125 0.03125 0.0453125
9 0.20703125 0.50625 0.0328125 0.040625
9 0.203125 0.4640625 0.0265625 0.0375
9 0.2296875 0.48359375 0.03125 0.0453125
9 0.16875 0.4984375 0.0296875 0.046875
9 0.56796875 0.65 0.028125 0.04375
9 0.59609375 0.6640625 0.03125 0.0421875
9 0.553125 0.68046875 0.034375 0.0375
2 0.403646040625 0.633313790625 0.41059497812499995 0.608647440625 0.408765778125 0.5807364984375 0.4022184796875 0.5685445078125 0.40037217031249994 0.5342935609375 0.351028115625 0.4470177875 0.3444893703125 0.43799580000000005 0.3364634015625 0.4349387453125 0.292427509375 0.45774997500000003 0.2842221078125 0.4810470953125 0.286299178125 0.5079638828124999 0.3308994703125 0.6014485984375 0.3537636875 0.62510055 0.36535395 0.649109459375 0.37362779062499996 0.6511723593750001 0.384141021875 0.6474578625 0.403646040625 0.633313790625
2 0.46423816718750005 0.6177983640625 0.477990828125 0.6074998515625001 0.48617911874999997 0.5778627234375 0.484384140625 0.5626317937499999 0.45810939531250006 0.482163803125 0.45209205781249995 0.48066351249999995 0.4342365859375 0.45614846875000004 0.39817533437499997 0.46299673593749996 0.38893567500000004 0.474420465625 0.38473898281249996 0.497661115625 0.3975857078125 0.5230392515625 0.41022733906250003 0.565261559375 0.42029615781249996 0.5825553890624999 0.4288264234375 0.5867941359375 0.445707521875 0.6216258078125 0.46423816718750005 0.6177983640625
2 0.3749009234375 0.4730331234375 0.3854141546875 0.469318628125 0.400662596875 0.45622518437500004 0.4058935484375 0.44485792812499997 0.40909020468749996 0.4224238984375 0.4042865546875 0.40644282187499997 0.3959870515625 0.394869915625 0.39692720625 0.371873278125 0.3460788140625 0.28422243125 0.329753340625 0.26959246875 0.3167357375 0.2737385109375 0.292974140625 0.28893321250000004 0.290777521875 0.3105606203125 0.3021284703125 0.3387336875 0.3051884671875 0.35850385 0.3142658046875 0.379774303125 0.3406772046875 0.41803810312499995 0.3409592953125 0.42972395781249995 0.3648663234375 0.468419303125 0.3749009234375 0.4730331234375
8 0.507820653125 0.42697699062499994 0.4957175375 0.3986163859375 0.47785351093750006 0.370931340625 0.46226309531250004 0.35014890625 0.45198918125 0.34969924531249996 0.4402365953125 0.35838451875 0.4325526 0.3892033375 0.435364728125 0.40996765625 0.45421168281249996 0.43050607812499997 0.46957133593749995 0.4586226703125 0.48311034687500004 0.461998325 0.5016238828125 0.4518308765625 0.5090942265625 0.4346862234375 0.507820653125 0.42697699062499994
8 0.5673361859375 0.5695866265625 0.5665583546875 0.5598890812499999 0.5453779046875 0.510258025 0.5220008375 0.4822543796875 0.511222625 0.48062302656250006 0.4984700015625 0.4901149203125 0.4917432703125 0.5042771046875 0.49456395156250005 0.5282114265625 0.5076157765625 0.53674539375 0.5152058859374999 0.563980778125 0.5285141359375001 0.57469059375 0.5343263765625 0.593035053125 0.5628574015625001 0.5811414187499999 0.5673361859375 0.5695866265625
8 0.563925440625 0.41984635312499996 0.5628911828125001 0.40797296093749996 0.5329154875000001 0.34875730781250003 0.5155899765624999 0.33493396249999996 0.5018202046875 0.33889247031249997 0.49082834062499997 0.35093528281249997 0.48685385312499996 0.3636717671875 0.48966597968750003 0.3844360859375 0.503760615625 0.40801344687499996 0.508521490625 0.408144509375 0.521120346875 0.434516803125 0.5366765421874999 0.44261922499999995 0.5589509140625 0.43338945781250005 0.563925440625 0.41984635312499996
8 0.3616604546875 0.20891062656249998 0.3387705734375 0.17574866718749999 0.3264709171875 0.1674022359375 0.3052136921875 0.1821653890625 0.30199137187499997 0.195089409375 0.30328205625 0.20913865 0.3347364203125 0.2592193671875 0.34125805625 0.2619013484375 0.3555321234375 0.259124534375 0.3670368375 0.251433415625 0.36974630625 0.2341577 0.3616604546875 0.20891062656249998
8 0.281896728125 0.269275996875 0.28462330625 0.2583402875 0.27580239687499997 0.23924568124999998 0.27552030781250003 0.227559825 0.24206586562500002 0.179092346875 0.22454381250000002 0.185283175 0.21755210156250002 0.1940995109375 0.213081871875 0.20882430468750002 0.21438110937500002 0.2260435484375 0.22043266718750001 0.24022385000000002 0.24004889999999998 0.2672898140625 0.24308323281250002 0.2775499671875 0.25438285 0.2867030171875 0.274409275 0.28008064374999997 0.281896728125 0.269275996875
8 0.223107696875 0.1173438890625 0.19417481406249998 0.07317162968749999 0.1869010125 0.0703021109375 0.1763877796875 0.07401660625 0.16390013750000001 0.08885435 0.1614385390625 0.10513591093750001 0.17127659687500002 0.129763903125 0.190867165625 0.1473198578125 0.19666229531249999 0.1593243125 0.21494507187499998 0.15649102343750002 0.22669765625 0.14780575 0.22791134531249999 0.133324965625 0.223107696875 0.1173438890625
8 0.09571811875 0.17005862656249998 0.11156496093749999 0.19301690625 0.12659975 0.19359763125 0.1423610421875 0.1848558828125 0.1463184203125 0.16577939375 0.1369846578125 0.14233309375 0.137463290625 0.1340047765625 0.13194169375 0.1305161765625 0.11154763125 0.093752665625 0.0992565296875 0.0885762375 0.0924955796875 0.09005841249999999 0.0859910546875 0.0937164359375 0.0753326109375 0.1364651203125 0.085674965625 0.1622748046875 0.09571811875 0.17005862656249998
8 0.347471496875 0.05753899999999999 0.3301630953125 0.0500556609375 0.3141539328125 0.059791564062500004 0.311726553125 0.088753134375 0.3429159375 0.1334880015625 0.3577199671875 0.14140288750000002 0.37498559375 0.1330362140625 0.3804558609375 0.11750479843749999 0.3791737328125 0.10662556249999999 0.3537538140625 0.064385140625 0.347471496875 0.05753899999999999
8 0.10935718750000001 0 0.1055728484375 0.0151781546875 0.128761928125 0.066365975 0.137540065625 0.0696105671875 0.1590622703125 0.0601932625 0.163788925 0.047644315625 0.160489609375 0.032038310937499995 0.150907978125 0.0095861671875 0.1441248921875 0 0.10935718750000001 0
2 0.164026659375 0 0.1789945921875 0.018700859375 0.190533525 0.023689753124999997 0.2169449265625 0.0619535515625 0.22098785312500002 0.0745770875 0.23154385937500002 0.08671260625 0.23281743281249997 0.094421840625 0.2494249953125 0.120737659375 0.2644854484375 0.130828390625 0.29151214062499997 0.1185596828125 0.30099966875 0.106141796875 0.30464929218750003 0.06586944375 0.2962899046875 0.0321065171875 0.2802257640625 0 0.164026659375 0
8 0.28082376249999996 0 0.2907511984375 0.022277909375 0.29677709218750004 0.026948203124999997 0.3015294109375 0.0239092625 0.3067689171875 0.015712009375 0.3089912 0.00359460625 0.3075256875 0 0.28082376249999996 0
3 0.20755194062500001 0.2950899359375 0.20297049843749998 0.2686046953125 0.18232000937499998 0.2296653390625 0.17554195 0.224807509375 0.149267425 0.2372637546875 0.146352859375 0.2713836375 0.1743284796875 0.3322125296875 0.1886624296875 0.351625734375 0.1981841796875 0.351887859375 0.21044106093749998 0.3443842765625 0.2171592359375 0.3270520890625 0.216133534375 0.3183487 0.20755194062500001 0.2950899359375
9 0.1578125 0.40625 0.0390625 0.053125
9 0.20703125 0.3875 0.0484375 0.053125
3 0.4810841671875 0.26825308593749997 0.48627234374999995 0.241035815625 0.4739213578125 0.21366936875000003 0.474135009375 0.1999952015625 0.4275945265625 0.13031374375 0.41507266249999997 0.1324714765625 0.3953112171875 0.1444397 0.390311028125 0.1484727953125 0.3883280609375 0.15642603906250002 0.3856528125 0.186381765625 0.420150065625 0.24989263906249998 0.445552875 0.2857930546875 0.4540745859375 0.2868618 0.47634040312500003 0.2744620296875 0.4810841671875 0.26825308593749997