8 0.26796875 0.565625 0.096875 0.059375
8 0.24609375 0.49140625 0.18125 0.08125
8 0.5296875 0.60078125 0.05625 0.0390625
8 0.6015625 0.64453125 0.0546875 0.0375
8 0.6609375 0.56875 0.053125 0.0375
8 0.70859375 0.60625 0.053125 0.03125
8 0.6859375 0.64921875 0.053125 0.03125
8 0.7171875 0.7109375 0.046875 0.03125
8 0.67890625 0.778125 0.053125 0.03125
8 0.81328125 0.62265625 0.04375 0.0296875
8 0.80625 0.66484375 0.04375 0.0265625
9 0.78984375 0.69375 0.0359375 0.0171875
9 0.78828125 0.7078125 0.0390625 0.0140625
9 0.75859375 0.703125 0.0328125 0.015625
9 0.77421875 0.71875 0.0328125 0.015625
9 0.7765625 0.734375 0.0390625 0.0171875
9 0.759375 0.625 0.034375 0.01875
9 0.7375 0.67734375 0.0328125 0.015625
9 0.6921875 0.6765625 0.0359375 0.0203125
9 0.71640625 0.7484375 0.040625 0.0171875
9 0.73046875 0.73046875 0.0390625 0.0171875
9 0.59921875 0.578125 0.0421875 0.025
9 0.63125 0.70703125 0.046875 0.021875
9 0.5734375 0.7 0.05 0.021875
9 0.52578125 0.659375 0.053125 0.028125
9 0.44609375 0.64453125 0.0609375 0.025
9 0.43046875 0.621875 0.0546875 0.0234375
9 0.396875 0.6234375 0.0546875 0.0234375
9 0.41796875 0.7078125 0.0578125 0.025
9 0.42578125 0.75 0.0546875 0.025
9 0.54296875 0.7171875 0.0484375 0.0234375
9 0.5640625 0.74609375 0.0515625 0.0234375
9 0.628125 0.7515625 0.0453125 0.01875
9 0.64296875 0.76484375 0.040625 0.0171875
9 0.68359375 0.7296875 0.040625 0.0171875
9 0.64765625 0.7453125 0.0421875 0.01875
9 0.51015625 0.184375 0.05625 0.0296875
9 0.4859375 0.24140625 0.0578125 0.0265625
9 0.55703125 0.275 0.0546875 0.025
9 0.5953125 0.28359375 0.05 0.028125
9 0.609375 0.3234375 0.05 0.0234375
9 0.63515625 0.2390625 0.053125 0.028125
9 0.603125 0.2078125 0.05625 0.0296875
9 0.7203125 0.2953125 0.0453125 0.0234375
9 0.71484375 0.33046875 0.0484375 0.021875
8 0.66328125 0.32265625 0.059375 0.0453125
8 0.8859375 0.3921875 0.034375 0.0265625
8 0.91328125 0.4125 0.0359375 0.0234375
8 0.928125 0.4234375 0.0390625 0.0203125
8 0.8953125 0.42734375 0.0390625 0.0265625
9 0.765625 0.359375 0.0359375 0.0171875
9 0.78203125 0.34375 0.040625 0.0171875
9 0.82421875 0.37578125 0.034375 0.0140625
9 0.8171875 0.34453125 0.0390625 0.0203125
9 0.821875 0.39375 0.0359375 0.0171875
9 0.775 0.378125 0.04375 0.01875
9 0.77421875 0.3921875 0.0421875 0.01875
9 0.80546875 0.4078125 0.0375 0.01875
9 0.75546875 0.40703125 0.0390625 0.0203125