9 0.47890625 0.253125 0.0625 0.071875
9 0.47734375 0.1453125 0.0640625 0.053125
9 0.403125 0.27578125 0.0421875 0.034375
9 0.3484375 0.421875 0.0359375 0.0328125
9 0.32109375 0.38359375 0.0234375 0.021875
9 0.3234375 0.35078125 0.0234375 0.01875
9 0.296875 0.428125 0.01875 0.015625
9 0.27578125 0.459375 0.015625 0.0109375
9 0.27109375 0.471875 0.015625 0.0140625
9 0.25546875 0.47578125 0.0125 0.009375
8 0.35703125 0.48203125 0.0375 0.0671875
8 0.39140625 0.3828125 0.046875 0.0859375
8 0.41953125 0.49375 0.071875 0.1125
8 0.2890625 0.475 0.021875 0.0328125
8 0.278125 0.52109375 0.0140625 0.0234375
3 0.29453125 0.5078125 0.0328125 0.0328125
3 0.265625 0.5 0.0234375 0.0328125
3 0.25078125 0.51953125 0.0140625 0.015625
8 0.25859375 0.45625 0.0109375 0.015625
8 0.24609375 0.4703125 0.009375 0.0140625