9 0.796875 0.80078125 0.2 0.0890625
9 0.90078125 0.68203125 0.1984375 0.1171875
9 0.8921875 0.57109375 0.215625 0.1203125
9 0.82890625 0.4921875 0.2390625 0.0984375
9 0.75 0.55390625 0.2296875 0.096875
9 0.684375 0.446875 0.2203125 0.096875
9 0.7921875 0.33828125 0.234375 0.0921875
9 0.765625 0.2375 0.2546875 0.10625
9 0.43046875 0.3765625 0.16875 0.08125
9 0.440625 0.49453125 0.1484375 0.059375
9 0.5015625 0.5171875 0.1609375 0.075
9 0.61484375 0.54140625 0.1765625 0.0875
9 0.4015625 0.26953125 0.1671875 0.0703125
9 0.61875 0.7484375 0.1578125 0.08125
9 0.56171875 0.68125 0.1546875 0.075
9 0.49140625 0.71171875 0.128125 0.0578125
9 0.43671875 0.675 0.115625 0.0578125
9 0.49140625 0.59765625 0.134375 0.05625
9 0.3421875 0.4703125 0.1171875 0.05625
9 0.3125 0.73984375 0.1078125 0.0453125
9 0.32265625 0.7109375 0.1171875 0.0421875
9 0.3046875 0.67734375 0.084375 0.0421875
9 0.3625 0.57734375 0.096875 0.046875
9 0.309375 0.540625 0.0953125 0.0484375
9 0.5390625 0.9015625 0.1390625 0.065625
9 0.47421875 0.86171875 0.1171875 0.05625
9 0.58359375 0.9625 0.1359375 0.0609375
9 0.421875 0.8921875 0.10625 0.0484375
8 0.24921875 0.48984375 0.103125 0.0734375
8 0.17890625 0.446875 0.109375 0.0765625
8 0.209375 0.5421875 0.096875 0.0703125
8 0.184375 0.6265625 0.0859375 0.0609375
8 0.15 0.6484375 0.075 0.0546875
8 0.09375 0.578125 0.0609375 0.0546875
8 0.0765625 0.60859375 0.0609375 0.0453125