9 0.40546875 0.6484375 0.075 0.0609375
9 0.396875 0.571875 0.0609375 0.040625
9 0.325 0.07734375 0.0765625 0.0578125
9 0.45078125 0.5671875 0.0515625 0.046875
10 0.49921875 0.5546875 0.0671875 0.0703125
9 0.515625 0.625 0.0453125 0.034375
9 0.54765625 0.55390625 0.028125 0.021875
9 0.53046875 0.5328125 0.028125 0.0203125
0 0.53828125 0.6375 0.0375 0.0234375
3 0.53203125 0.48828125 0.0421875 0.0421875
9 0.5625 0.50078125 0.0203125 0.0140625
9 0.55859375 0.48046875 0.0171875 0.0125
9 0.55625 0.465625 0.0203125 0.0140625
9 0.55 0.45234375 0.0234375 0.0140625
9 0.571875 0.48515625 0.0171875 0.0125
9 0.58046875 0.4734375 0.0140625 0.009375
9 0.5875 0.4859375 0.0140625 0.009375
9 0.590625 0.47890625 0.0109375 0.009375
9 0.5828125 0.46328125 0.0140625 0.009375
9 0.6015625 0.45390625 0.009375 0.0046875
1 0.5859375 0.515625 0.05 0.0515625
8 0.43203125 0.44921875 0.0734375 0.08125
8 0.5015625 0.43125 0.0484375 0.0546875
8 0.53671875 0.42421875 0.028125 0.0359375
8 0.55859375 0.41875 0.025 0.0296875
3 0.58046875 0.42109375 0.034375 0.034375
8 0.5921875 0.446875 0.015625 0.01875
8 0.5984375 0.4203125 0.0125 0.0171875
8 0.60625 0.4328125 0.0125 0.0140625
8 0.60546875 0.4140625 0.0109375 0.0140625
8 0.61328125 0.41171875 0.0078125 0.0109375
8 0.609375 0.46953125 0.0109375 0.015625
8 0.6109375 0.46015625 0.0125 0.0140625
8 0.61875 0.446875 0.0109375 0.0125
9 0.553125 0.7640625 0.0453125 0.0484375