9 0.94296875 0.52265625 0.0875 0.2875
9 0.8375 0.25625 0.059375 0.196875
9 0.5390625 0.6234375 0.05 0.125
9 0.475 0.6984375 0.0640625 0.15625
9 0.4265625 0.6703125 0.06875 0.215625
9 0.66015625 0.66953125 0.084375 0.23125
9 0.4375 0.06171875 0.04375 0.1125
9 0.471875 0.0984375 0.04375 0.1234375
9 0.14140625 0.084375 0.053125 0.1328125
9 0.92109375 0.05859375 0.0609375 0.1171875
8 0.18203125 0.55703125 0.1734375 0.2359375
8 0.34765625 0.85390625 0.1453125 0.23125
8 0.3171875 0.75 0.175 0.2046875
8 0.23359375 0.07734375 0.121875 0.1265625
8 0.23125 0.19765625 0.1234375 0.109375
8 0.30078125 0.28125 0.140625 0.1625
8 0.2546875 0.328125 0.134375 0.134375
8 0.221875 0.43046875 0.165625 0.1265625
8 0.159375 0.37734375 0.1203125 0.171875
8 0.04921875 0.37265625 0.0984375 0.1765625
8 0.084375 0.85234375 0.146875 0.2828125
8 0.24140625 0.92109375 0.1765625 0.1578125
8 0.04765625 0.5796875 0.09375 0.1390625
3 0.4828125 0.3828125 0.20625 0.425