9 0.17890625 0.9375 0.2046875 0.125
9 0.45859375 0.73515625 0.103125 0.1
9 0.54609375 0.72109375 0.071875 0.065625
9 0.56328125 0.8125 0.071875 0.065625
9 0.56875 0.63515625 0.065625 0.059375
9 0.61171875 0.72890625 0.05625 0.065625
9 0.659375 0.64375 0.0375 0.0359375
9 0.6765625 0.62578125 0.0328125 0.03125
9 0.590625 0.19609375 0.0390625 0.0390625
8 0.3640625 0.57265625 0.171875 0.221875
8 0.63046875 0.4953125 0.0484375 0.071875
7 0.68046875 0.57265625 0.0640625 0.0734375
7 0.671875 0.49375 0.046875 0.0578125
7 0.72109375 0.48203125 0.0296875 0.0296875