9 0.95703125 0.23984375 0.0859375 0.1546875
9 0.6921875 0.275 0.09375 0.103125
9 0.609375 0.2640625 0.075 0.06875
9 0.53828125 0.43203125 0.0609375 0.05625
9 0.48984375 0.54140625 0.0515625 0.0453125
9 0.41484375 0.55625 0.03125 0.034375
9 0.40703125 0.61484375 0.03125 0.03125
9 0.396875 0.6546875 0.0359375 0.028125
9 0.39375 0.59609375 0.0265625 0.025
9 0.37421875 0.6046875 0.0203125 0.0203125
9 0.37265625 0.63359375 0.021875 0.015625
9 0.3640625 0.65625 0.0234375 0.0203125
8 0.62421875 0.63046875 0.1203125 0.1734375
8 0.32421875 0.6828125 0.0140625 0.0203125
7 0.346875 0.68203125 0.03125 0.0375