9 0.47734375 0.94296875 0.2875 0.0875
9 0.74375 0.8375 0.196875 0.0609375
9 0.3765625 0.5390625 0.125 0.05
9 0.3015625 0.475 0.15625 0.0640625
9 0.3296875 0.4265625 0.215625 0.06875
9 0.33046875 0.66015625 0.23125 0.084375
9 0.93828125 0.4375 0.1125 0.04375
9 0.9015625 0.471875 0.1234375 0.04375
9 0.915625 0.14140625 0.1328125 0.053125
9 0.94140625 0.92109375 0.1171875 0.0609375
8 0.44296875 0.18203125 0.2359375 0.1734375
8 0.14609375 0.34765625 0.23125 0.1453125
8 0.25 0.3171875 0.2046875 0.175
8 0.92265625 0.23359375 0.1265625 0.121875
8 0.80234375 0.23125 0.109375 0.1234375
8 0.71875 0.30078125 0.1625 0.140625
8 0.671875 0.2546875 0.134375 0.134375
8 0.56953125 0.221875 0.1265625 0.165625
8 0.62265625 0.159375 0.171875 0.1203125
8 0.62578125 0.04921875 0.1765625 0.0984375
8 0.14765625 0.084375 0.2828125 0.146875
8 0.07890625 0.24140625 0.1578125 0.1765625
8 0.4203125 0.04765625 0.1390625 0.09375
3 0.6171875 0.4828125 0.425 0.20625