9 0.41015625 0.83984375 0.02734375 0.11953125
9 0.4671875 0.7828125 0.0375 0.09765625
9 0.6359375 0.6234375 0.0296875 0.06953125
9 0.44921875 0.6703125 0.0234375 0.09140625
9 0.32109375 0.690625 0.01640625 0.0828125
9 0.23984375 0.7296875 0.0234375 0.08984375
9 0.1546875 0.81953125 0.03046875 0.10859375
9 0.109375 0.8 0.01953125 0.1125
9 0.07890625 0.7484375 0.03203125 0.08671875
9 0.178125 0.69921875 0.021875 0.08359375
9 0.259375 0.6875 0.0234375 0.0703125
9 0.2921875 0.64453125 0.015625 0.0703125
9 0.2671875 0.6265625 0.01953125 0.0703125
9 0.23515625 0.6109375 0.02109375 0.0578125
9 0.2140625 0.58984375 0.02421875 0.065625
9 0.16484375 0.54609375 0.01953125 0.0578125
9 0.2453125 0.565625 0.015625 0.06171875
9 0.26796875 0.56875 0.01953125 0.05859375
9 0.29140625 0.5671875 0.0140625 0.0625
9 0.309375 0.5859375 0.0125 0.06171875
9 0.33671875 0.59609375 0.01484375 0.0609375
9 0.371875 0.63203125 0.02109375 0.0734375
9 0.3984375 0.63125 0.01640625 0.07109375
9 0.4109375 0.56328125 0.01953125 0.065625
9 0.38828125 0.56328125 0.0171875 0.05703125
9 0.36640625 0.5734375 0.01953125 0.05625
9 0.34609375 0.54453125 0.0125 0.05390625
9 0.3578125 0.5140625 0.01796875 0.0421875
9 0.384375 0.51875 0.009375 0.04296875
9 0.39296875 0.50546875 0.0125 0.05078125
9 0.32265625 0.55703125 0.01171875 0.059375
9 0.3265625 0.52421875 0.01953125 0.05
9 0.29921875 0.52890625 0.015625 0.0421875
9 0.4609375 0.459375 0.0140625 0.0375
9 0.30625 0.4484375 0.01328125 0.03984375
9 0.29140625 0.3875 0.0078125 0.03359375
9 0.29453125 0.35859375 0.00859375 0.02109375
9 0.2296875 0.3953125 0.00546875 0.0296875
9 0.2390625 0.38671875 0.00546875 0.03046875
9 0.25 0.36875 0.00546875 0.021875
9 0.3375 0.30546875 0.00390625 0.0203125
9 0.28359375 0.321875 0.00546875 0.01484375
9 0.2953125 0.33984375 0.0078125 0.0171875
8 0.5940740734375 0.6266666671875 0.59851851875 0.62 0.6 0.6 0.5896296296875 0.562222221875 0.5585185187499999 0.51555555625 0.5288888890625 0.5133333328125 0.52148148125 0.5288888890625 0.5229629625000001 0.5822222218750001 0.542222221875 0.6066666671875 0.5481481484375 0.6288888890625 0.5940740734375 0.6266666671875
3 0.500740740625 0.62 0.5051851859375 0.6066666671875 0.502222221875 0.562222221875 0.48444444375 0.5088888890625001 0.46074074062500003 0.47555555624999996 0.4266666671875 0.48444444375 0.4251851859375 0.5533333328125 0.4474074078125 0.6133333328125 0.46370370312500003 0.6266666671875 0.500740740625 0.62
8 0.49140625 0.503125 0.0453125 0.0765625
8 0.16740740781250002 0.622222221875 0.1703703703125 0.5911111109375 0.1659259265625 0.57555555625 0.142222221875 0.5711111109375 0.1051851859375 0.5866666671874999 0.0740740734375 0.622222221875 0.0533333328125 0.662222221875 0.059259259375 0.69555555625 0.11851851875 0.6866666671874999 0.16740740781250002 0.622222221875
8 0.2140625 0.47421875 0.04140625 0.09140625
8 0.2828125 0.48671875 0.034375 0.08125
8 0.3375 0.4734375 0.034375 0.0578125
8 0.33046875 0.43359375 0.03828125 0.0390625
8 0.37734375 0.4015625 0.025 0.04765625
8 0.41328125 0.428125 0.0296875 0.0421875
8 0.41796875 0.47109375 0.0421875 0.0421875
8 0.26171875 0.403125 0.02734375 0.04765625
8 0.33125 0.4078125 0.02421875 0.01796875
8 0.328125 0.3875 0.01953125 0.01796875
8 0.325 0.36328125 0.0203125 0.01484375
8 0.32109375 0.34609375 0.0171875 0.0171875
8 0.36875 0.37265625 0.01796875 0.01484375
8 0.3609375 0.359375 0.0203125 0.009375
8 0.365625 0.34296875 0.02890625 0.01953125
8 0.3796875 0.27890625 0.0125 0.025
8 0.3015625 0.31171875 0.0140625 0.0234375
8 0.315625 0.32421875 0.0140625 0.015625
8 0.3375 0.28984375 0.0125 0.01875
8 0.32109375 0.2859375 0.0125 0.0125
8 0.27734375 0.30859375 0.01328125 0.0171875
9 0.034375 0.884375 0.05625 0.15859375