9 0.81953125 0.95546875 0.1046875 0.0890625
9 0.62421875 0.778125 0.07421875 0.1203125
8 0.39296875 0.684375 0.13203125 0.11640625
8 0.39921875 0.53046875 0.078125 0.059375
8 0.48515625 0.49765625 0.05390625 0.04921875
8 0.40390625 0.471875 0.05078125 0.03515625
8 0.403125 0.43984375 0.0421875 0.03046875
8 0.4609375 0.4421875 0.040625 0.025
8 0.44453125 0.40703125 0.021875 0.021875
8 0.41953125 0.38828125 0.01640625 0.015625
8 0.434375 0.38515625 0.0171875 0.0140625
8 0.41171875 0.3796875 0.0171875 0.0140625
9 0.16640625 0.57109375 0.04921875 0.06484375
9 0.18046875 0.48203125 0.02890625 0.0421875
9 0.13515625 0.48359375 0.03046875 0.04453125
9 0.53828125 0.52578125 0.025 0.04453125
9 0.546875 0.49765625 0.02578125 0.0421875
9 0.63984375 0.53828125 0.03359375 0.0484375
9 0.62109375 0.50234375 0.021875 0.04140625
9 0.5140625 0.4625 0.01875 0.0296875
9 0.4640625 0.465625 0.0265625 0.03125
9 0.490625 0.440625 0.01484375 0.02421875
9 0.45703125 0.453125 0.02578125 0.028125
9 0.48046875 0.4203125 0.0171875 0.02421875
9 0.4578125 0.4171875 0.0171875 0.02421875
9 0.475 0.40703125 0.01328125 0.0171875