8 0.4203125 0.5703125 0.07890625 0.059375
8 0.5578125 0.55 0.08046875 0.04609375
8 0.50703125 0.51484375 0.0609375 0.03046875
8 0.37578125 0.49765625 0.05390625 0.03515625
8 0.27421875 0.49609375 0.04765625 0.0359375
8 0.30078125 0.44140625 0.04140625 0.02734375
8 0.3109375 0.40859375 0.03203125 0.02265625
8 0.38984375 0.4828125 0.0515625 0.03125
8 0.38671875 0.46640625 0.0453125 0.0265625
1 0.37734375 0.44296875 0.05546875 0.0609375
8 0.41953125 0.4125 0.02890625 0.01953125
8 0.403125 0.40234375 0.01796875 0.01171875
9 0.38359375 0.4046875 0.00625 0.01171875
9 0.37890625 0.39921875 0.009375 0.0125
1 0.346875 0.38125 0.0234375 0.02265625
8 0.3125 0.37265625 0.01640625 0.01171875
3 0.3390625 0.3671875 0.01484375 0.01484375
8 0.36171875 0.36875 0.015625 0.0109375
8 0.38125 0.38046875 0.015625 0.0109375
8 0.40390625 0.39296875 0.021875 0.01875