9 0.32578125 0.05 0.053125 0.0453125
9 0.3546875 0.13359375 0.0453125 0.03125
9 0.3734375 0.11484375 0.0421875 0.0328125
9 0.3046875 0.4609375 0.0625 0.0421875
9 0.33125 0.415625 0.065625 0.0359375
9 0.39140625 0.5375 0.04375 0.0328125
9 0.41953125 0.4265625 0.034375 0.028125
9 0.4390625 0.4546875 0.0265625 0.015625
9 0.440625 0.4890625 0.0265625 0.0171875
9 0.4421875 0.5125 0.0296875 0.01875
9 0.4625 0.43515625 0.0203125 0.0140625
9 0.4625 0.4609375 0.0203125 0.0140625
9 0.4625 0.48671875 0.0234375 0.015625
9 0.4640625 0.5 0.021875 0.0140625
9 0.47265625 0.5125 0.0171875 0.0109375
9 0.09921875 0.4703125 0.1375 0.0890625
8 0.49453125 0.46953125 0.0171875 0.0265625