9 0.84765625 0.79296875 0.1609375 0.13125
9 0.49609375 0.66171875 0.06875 0.10625
9 0.41953125 0.63359375 0.0703125 0.109375
9 0.503125 0.55703125 0.0515625 0.0828125
8 0.39140625 0.52734375 0.125 0.1
9 0.49453125 0.42265625 0.034375 0.040625
9 0.4984375 0.38046875 0.01875 0.0296875
9 0.48203125 0.3671875 0.025 0.0328125
9 0.46328125 0.3375 0.01875 0.025
9 0.51015625 0.36484375 0.015625 0.0234375
9 0.50703125 0.3546875 0.0109375 0.0234375
9 0.48515625 0.34609375 0.0171875 0.0234375
9 0.4578125 0.31484375 0.0109375 0.0171875
9 0.475 0.31953125 0.0109375 0.0171875
9 0.4875 0.33203125 0.015625 0.021875
9 0.5015625 0.32578125 0.01875 0.0234375
8 0.43125 0.3109375 0.05 0.0453125