9 0.7890625 0.8390625 0.1390625 0.0875
9 0.71328125 0.625 0.1265625 0.0875
9 0.50390625 0.50625 0.046875 0.040625
9 0.43984375 0.4875 0.0328125 0.0328125
9 0.37109375 0.490625 0.0390625 0.028125
9 0.46796875 0.475 0.0328125 0.0296875
9 0.47578125 0.453125 0.0234375 0.021875
9 0.41796875 0.4359375 0.01875 0.021875
9 0.3359375 0.45234375 0.0203125 0.01875
9 0.33671875 0.434375 0.0140625 0.0125
9 0.34453125 0.428125 0.0078125 0.0140625
8 0.30390625 0.4140625 0.0140625 0.0078125
3 0.37578125 0.43828125 0.046875 0.034375
8 0.359375 0.415625 0.028125 0.0109375
9 0.3390625 0.4140625 0.0109375 0.0109375
8 0.3484375 0.40390625 0.0171875 0.0109375
3 0.31953125 0.40546875 0.0125 0.0078125
8 0.36328125 0.646875 0.178125 0.1265625
3 0.31484375 0.44453125 0.04375 0.028125