9 0.20078125 0.86875 0.03671875 0.15390625
9 0.609375 0.8890625 0.0390625 0.16640625
9 0.5484375 0.80234375 0.03359375 0.1484375
9 0.60625 0.646875 0.03515625 0.1109375
9 0.5203125 0.640625 0.021875 0.08984375
9 0.2671875 0.746875 0.0328125 0.13515625
9 0.26328125 0.63671875 0.02890625 0.096875
9 0.3265625 0.6765625 0.02890625 0.1078125
9 0.32734375 0.603125 0.0265625 0.0921875
9 0.3703125 0.60703125 0.021875 0.0984375
9 0.41328125 0.56640625 0.0171875 0.0734375
9 0.509375 0.57265625 0.02109375 0.08359375
9 0.5203125 0.54296875 0.01875 0.06796875
9 0.58046875 0.51796875 0.01640625 0.07421875
9 0.6078125 0.5015625 0.015625 0.07421875
9 0.63984375 0.51328125 0.01875 0.0640625
9 0.68984375 0.54765625 0.02421875 0.0765625
9 0.66640625 0.4703125 0.01796875 0.059375
9 0.41015625 0.51875 0.0140625 0.05234375
9 0.4359375 0.496875 0.01484375 0.06484375
9 0.409375 0.47734375 0.0140625 0.05546875
9 0.4828125 0.4921875 0.01484375 0.06484375
9 0.52578125 0.5078125 0.01796875 0.05390625
9 0.56171875 0.49453125 0.0140625 0.0640625
9 0.50859375 0.46015625 0.015625 0.04609375
9 0.46796875 0.44140625 0.0140625 0.0421875
9 0.4359375 0.4359375 0.015625 0.0515625
9 0.453125 0.40078125 0.0109375 0.03828125
9 0.4734375 0.415625 0.01171875 0.040625
9 0.5125 0.41796875 0.01015625 0.04140625
9 0.52265625 0.43203125 0.009375 0.0515625
9 0.53359375 0.44765625 0.0078125 0.0546875
9 0.54453125 0.4375 0.00859375 0.0515625
9 0.5671875 0.42265625 0.01171875 0.0359375
9 0.57109375 0.4640625 0.0125 0.04375
9 0.5609375 0.39921875 0.01328125 0.03984375
9 0.52890625 0.40390625 0.01015625 0.0328125
9 0.5234375 0.37421875 0.00859375 0.03359375
9 0.471875 0.36328125 0.00703125 0.03828125
9 0.46015625 0.35 0.009375 0.0328125
9 0.4796875 0.36015625 0.00625 0.03125
9 0.534375 0.35546875 0.00703125 0.0296875
9 0.4828125 0.33203125 0.009375 0.02578125
8 0.496875 0.37265625 0.02109375 0.04453125
8 0.56484375 0.35859375 0.02265625 0.02890625
8 0.615625 0.396875 0.03515625 0.05546875
3 0.5984375 0.3578125 0.034375 0.0546875
8 0.63671875 0.3375 0.021875 0.0328125
8 0.6796875 0.37421875 0.0328125 0.0421875
8 0.72109375 0.4234375 0.046875 0.05546875
8 0.65234375 0.6 0.0703125 0.09765625
8 0.76875 0.54296875 0.084375 0.09609375
8 0.81015625 0.8015625 0.1421875 0.20546875
9 0.86171875 0.6625 0.04921875 0.10390625
9 0.775 0.63125 0.03671875 0.09765625
9 0.95546875 0.6875 0.04765625 0.10078125
9 0.97890625 0.77109375 0.0421875 0.14609375
9 0.64765625 0.41875 0.015625 0.0515625
9 0.61875 0.43203125 0.015625 0.0515625
9 0.65859375 0.38671875 0.01171875 0.05078125
9 0.63828125 0.36875 0.0125 0.0390625
9 0.51015625 0.35390625 0.00625 0.03203125
9 0.52734375 0.35625 0.00859375 0.028125
9 0.5453125 0.3359375 0.00703125 0.02421875