9 0.34296875 0.865625 0.0234375 0.0890625
9 0.25546875 0.90625 0.0234375 0.0984375
9 0.27734375 0.86484375 0.0171875 0.08125
9 0.38984375 0.7203125 0.015625 0.0625
9 0.3953125 0.665625 0.0171875 0.05
9 0.39140625 0.63203125 0.015625 0.0625
9 0.38359375 0.59375 0.0140625 0.05
9 0.41015625 0.575 0.0125 0.059375
9 0.42890625 0.60625 0.0125 0.059375
9 0.45 0.6234375 0.015625 0.0625
9 0.4734375 0.5484375 0.015625 0.05
9 0.45 0.5765625 0.0109375 0.040625
9 0.490625 0.52109375 0.0125 0.05
9 0.50703125 0.51484375 0.0125 0.05
9 0.56875 0.715625 0.021875 0.0640625
9 0.64453125 0.7390625 0.021875 0.0703125
9 0.66015625 0.69765625 0.0171875 0.059375
9 0.70703125 0.68515625 0.015625 0.05625
9 0.73515625 0.6765625 0.015625 0.0578125
9 0.59140625 0.68125 0.0171875 0.0671875
9 0.65625 0.6296875 0.015625 0.053125
9 0.671875 0.61015625 0.0140625 0.046875
9 0.71171875 0.6109375 0.015625 0.0515625
9 0.65234375 0.57265625 0.0125 0.05
9 0.6828125 0.571875 0.0109375 0.040625
9 0.6265625 0.546875 0.0109375 0.04375
9 0.64140625 0.54921875 0.0078125 0.0359375
9 0.6484375 0.521875 0.0109375 0.040625
9 0.6640625 0.509375 0.009375 0.04375
9 0.6796875 0.534375 0.0140625 0.0375
9 0.62265625 0.4796875 0.009375 0.0359375
9 0.6265625 0.4421875 0.0078125 0.0265625
9 0.5609375 0.459375 0.0078125 0.028125
9 0.66640625 0.41328125 0.021875 0.0234375
9 0.68671875 0.38671875 0.0078125 0.025
9 0.665625 0.38046875 0.0078125 0.0265625
9 0.63359375 0.39375 0.0078125 0.025
9 0.628125 0.37578125 0.0046875 0.025
9 0.603125 0.35625 0.0078125 0.0234375
9 0.61640625 0.34765625 0.00625 0.015625
9 0.64140625 0.365625 0.0046875 0.021875
9 0.634375 0.37265625 0.00625 0.01875
9 0.66640625 0.3609375 0.0078125 0.01875
9 0.6546875 0.3546875 0.00625 0.021875
9 0.62265625 0.340625 0.00625 0.021875
9 0.6125 0.3421875 0.0046875 0.0234375
9 0.5640625 0.35078125 0.0078125 0.028125
9 0.590625 0.3515625 0.0046875 0.01875
9 0.55078125 0.43671875 0.009375 0.0375
9 0.53671875 0.45 0.0078125 0.03125
9 0.52109375 0.4734375 0.0109375 0.03125
9 0.51015625 0.478125 0.0109375 0.034375
9 0.49140625 0.4859375 0.0109375 0.0296875
9 0.52578125 0.49609375 0.0078125 0.0390625
9 0.540625 0.48828125 0.009375 0.034375
9 0.5828125 0.53125 0.0109375 0.0421875
1 0.52109375 0.8515625 0.115625 0.2328125
8 0.2875 0.81015625 0.0765625 0.1
8 0.15234375 0.84453125 0.0875 0.1390625
8 0.221875 0.7734375 0.046875 0.0796875
8 0.27734375 0.68125 0.053125 0.0625
8 0.4765625 0.425 0.0265625 0.0359375
8 0.490625 0.40703125 0.0203125 0.0265625
8 0.509375 0.43671875 0.0265625 0.0375
8 0.5125 0.3890625 0.0234375 0.034375
8 0.5453125 0.38046875 0.0203125 0.0296875
8 0.5828125 0.3765625 0.0203125 0.03125
8 0.54921875 0.36015625 0.0203125 0.03125
8 0.6140625 0.39921875 0.0265625 0.0328125
8 0.578125 0.4140625 0.0234375 0.0265625
8 0.58203125 0.44296875 0.0296875 0.0421875
8 0.584375 0.5 0.03125 0.04375
8 0.5921875 0.62734375 0.0515625 0.075
8 0.57265625 0.609375 0.0390625 0.0484375