9 0.834375 0.675 0.1484375 0.0578125
9 0.88125 0.125 0.1390625 0.0734375
9 0.78828125 0.2 0.128125 0.05
9 0.75078125 0.37578125 0.1125 0.046875
9 0.6578125 0.50703125 0.071875 0.040625
9 0.6328125 0.4578125 0.096875 0.0328125
9 0.5796875 0.5296875 0.0765625 0.034375
9 0.5359375 0.65703125 0.0828125 0.0296875
9 0.50546875 0.70625 0.08125 0.025
9 0.48984375 0.7953125 0.06875 0.034375
9 0.4609375 0.76484375 0.065625 0.034375
9 0.43984375 0.725 0.078125 0.025
9 0.4296875 0.771875 0.0671875 0.0265625
9 0.40859375 0.8015625 0.0640625 0.0296875
9 0.38046875 0.8078125 0.05625 0.0296875
9 0.36640625 0.846875 0.0609375 0.0328125
9 0.38203125 0.903125 0.0734375 0.0234375
9 0.3203125 0.921875 0.0625 0.0265625
9 0.659375 0.20703125 0.0921875 0.0296875
9 0.653125 0.175 0.0984375 0.028125
0 0.64765625 0.11875 0.1046875 0.0375
8 0.80078125 0.50390625 0.1828125 0.2265625
8 0.703125 0.7546875 0.128125 0.15
8 0.57421875 0.7703125 0.125 0.1234375