3 0.4875 0.87109375 0.1203125 0.1328125
8 0.45859375 0.83046875 0.1140625 0.0671875
8 0.45 0.75546875 0.053125 0.046875
8 0.48515625 0.71484375 0.0453125 0.034375
8 0.42109375 0.71484375 0.0453125 0.0359375
8 0.34140625 0.74296875 0.04375 0.04375
8 0.33984375 0.7015625 0.0421875 0.028125
8 0.35859375 0.6953125 0.0421875 0.025
8 0.34765625 0.678125 0.0359375 0.025
8 0.41796875 0.6875 0.040625 0.025
8 0.45703125 0.6625 0.0234375 0.0171875
8 0.4453125 0.653125 0.01875 0.0125
8 0.36484375 0.646875 0.034375 0.0171875
8 0.3921875 0.66796875 0.0234375 0.0234375
8 0.39296875 0.6375 0.01875 0.0140625
8 0.3890625 0.63125 0.01875 0.0125
8 0.384375 0.621875 0.015625 0.0109375
8 0.4234375 0.63046875 0.01875 0.0125
3 0.415625 0.67109375 0.040625 0.0453125
1 0.38671875 0.6125 0.0203125 0.01875