9 0.31484375 0.93125 0.1828125 0.1375
9 0.64140625 0.675 0.0796875 0.084375
9 0.696875 0.6421875 0.0640625 0.0625
9 0.728125 0.51796875 0.0421875 0.040625
9 0.75234375 0.509375 0.0390625 0.0359375
9 0.7578125 0.5734375 0.0421875 0.0390625
9 0.7875 0.54375 0.0328125 0.0296875
9 0.79921875 0.5203125 0.025 0.021875
9 0.8046875 0.44921875 0.01875 0.0203125
9 0.81015625 0.43203125 0.021875 0.01875
9 0.66796875 0.04921875 0.04375 0.0421875
8 0.72890625 0.41015625 0.0484375 0.0734375
8 0.77734375 0.41953125 0.03125 0.04375
8 0.7921875 0.4140625 0.03125 0.0421875
8 0.815625 0.4859375 0.0265625 0.0421875
8 0.825 0.4171875 0.01875 0.0296875
7 0.78828125 0.4734375 0.0515625 0.0578125