9 0.7171875 0.16796875 0.125 0.109375
9 0.70625 0.3203125 0.128125 0.0953125
9 0.58515625 0.47109375 0.1046875 0.0828125
9 0.296875 0.40625 0.040625 0.034375
9 0.2484375 0.41484375 0.0234375 0.0140625
9 0.23046875 0.43046875 0.0171875 0.0140625
9 0.21875 0.4546875 0.015625 0.0125
9 0.21015625 0.446875 0.0109375 0.009375
9 0.20078125 0.45859375 0.0140625 0.0109375
3 0.2 0.48359375 0.028125 0.0328125
8 0.171875 0.52109375 0.0125 0.0171875
9 0.17578125 0.49609375 0.0109375 0.0078125
9 0.18515625 0.4734375 0.0109375 0.0078125
9 0.18125 0.47890625 0.0078125 0.0078125
9 0.1765625 0.4828125 0.0078125 0.0078125