8 0.38671875 0.9296875 0.2453125 0.140625
8 0.390625 0.59765625 0.1109375 0.0921875
7 0.0953125 0.4984375 0.1390625 0.115625
8 0.50234375 0.53125 0.0734375 0.0703125
8 0.3984375 0.490625 0.0625 0.046875
8 0.396875 0.446875 0.04375 0.0328125
8 0.4671875 0.4453125 0.04375 0.0328125
8 0.515625 0.41640625 0.05625 0.05
8 0.44140625 0.4 0.0265625 0.021875
7 0.40625 0.4125 0.04375 0.04375
9 0.571875 0.5859375 0.0421875 0.065625
9 0.67421875 0.55234375 0.0359375 0.059375
9 0.57265625 0.525 0.0375 0.05
9 0.5296875 0.47265625 0.0265625 0.0390625
9 0.490625 0.4875 0.0296875 0.034375
9 0.45625 0.46328125 0.025 0.034375
9 0.48984375 0.46484375 0.025 0.03125
9 0.5296875 0.47421875 0.025 0.0375
9 0.5015625 0.44453125 0.0234375 0.03125