3 0.865625 0.5640625 0.1453125 0.1359375
8 0.821875 0.58671875 0.08125 0.1203125
8 0.74609375 0.58515625 0.053125 0.0578125
8 0.7109375 0.54453125 0.0390625 0.05
8 0.7015625 0.60859375 0.040625 0.05
8 0.71796875 0.690625 0.0484375 0.0484375
8 0.67734375 0.6859375 0.0328125 0.0453125
8 0.6734375 0.6671875 0.0296875 0.04375
8 0.65546875 0.67578125 0.028125 0.0375
8 0.67421875 0.60703125 0.0296875 0.0421875
8 0.6546875 0.56484375 0.0203125 0.025
8 0.64375 0.575 0.0140625 0.0203125
8 0.62734375 0.65390625 0.021875 0.0359375
8 0.6515625 0.63046875 0.0265625 0.0265625
8 0.62109375 0.625 0.015625 0.01875
8 0.61484375 0.628125 0.0140625 0.0203125
8 0.6046875 0.63203125 0.0125 0.0171875
8 0.61796875 0.59375 0.0140625 0.0203125
3 0.6578125 0.60703125 0.0484375 0.0453125
1 0.59609375 0.628125 0.0203125 0.021875