9 0.62109375 0.62734375 0.046875 0.065625
9 0.54453125 0.6171875 0.028125 0.05625
9 0.04765625 0.5671875 0.0421875 0.06953125
9 0.553125 0.5640625 0.03671875 0.04296875
10 0.553125 0.5140625 0.06015625 0.0546875
9 0.625 0.51484375 0.025 0.040625
9 0.5640625 0.4671875 0.015625 0.025
9 0.5390625 0.478125 0.0140625 0.025
0 0.64296875 0.49609375 0.01640625 0.03359375
3 0.49609375 0.465625 0.034375 0.034375
9 0.515625 0.43984375 0.009375 0.01875
9 0.4953125 0.43828125 0.01015625 0.015625
9 0.48046875 0.4375 0.01015625 0.01875
9 0.465625 0.43984375 0.00859375 0.02109375
9 0.503125 0.4265625 0.009375 0.01484375
9 0.49375 0.415625 0.00703125 0.0125
9 0.5078125 0.41171875 0.00703125 0.01171875
9 0.5015625 0.40703125 0.0078125 0.01015625
9 0.484375 0.4109375 0.00703125 0.01171875
9 0.4796875 0.390625 0.00390625 0.009375
1 0.5359375 0.4203125 0.04453125 0.04140625
8 0.434375 0.55390625 0.06796875 0.0578125
8 0.43359375 0.48203125 0.04609375 0.03828125
8 0.43515625 0.44609375 0.03203125 0.02265625
8 0.43515625 0.4234375 0.0265625 0.01953125
3 0.44296875 0.403125 0.028125 0.028125
8 0.47109375 0.39765625 0.01484375 0.01171875
8 0.446875 0.38515625 0.01484375 0.00859375
8 0.4609375 0.38046875 0.01171875 0.00859375
8 0.4421875 0.3765625 0.01171875 0.0078125
8 0.44140625 0.36875 0.00859375 0.00703125
8 0.496875 0.38671875 0.0140625 0.0078125
8 0.48828125 0.3828125 0.01328125 0.00859375
8 0.47734375 0.371875 0.0109375 0.0078125
9 0.76875 0.5125 0.03984375 0.0359375