8 0.1484375 0.434375 0.18125 0.1375
8 0.30859375 0.35 0.1375 0.096875
8 0.45390625 0.15625 0.1171875 0.0875
8 0.55625 0.2578125 0.090625 0.0625
8 0.57890625 0.18125 0.0796875 0.0625
8 0.62109375 0.2296875 0.0703125 0.053125
8 0.6375 0.29375 0.0703125 0.0515625
8 0.64765625 0.37734375 0.0578125 0.0578125
8 0.63671875 0.67421875 0.06875 0.05625
8 0.6984375 0.38984375 0.059375 0.04375
8 0.740625 0.37890625 0.034375 0.0296875
8 0.75625 0.3484375 0.034375 0.0234375
8 0.80390625 0.296875 0.03125 0.021875
8 0.80703125 0.3390625 0.028125 0.0171875
8 0.80234375 0.50078125 0.0234375 0.015625
1 0.81796875 0.46015625 0.0578125 0.034375
1 0.7984375 0.384375 0.065625 0.046875
3 0.81640625 0.42265625 0.04375 0.025
9 0.7453125 0.4578125 0.04375 0.009375
9 0.66875 0.47578125 0.0484375 0.0125
9 0.6765625 0.48828125 0.05 0.009375
9 0.66796875 0.509375 0.046875 0.009375
9 0.66484375 0.53125 0.04375 0.0109375
9 0.58671875 0.5140625 0.0671875 0.015625
9 0.571875 0.53828125 0.0625 0.0125
9 0.553125 0.559375 0.06875 0.0125
9 0.49765625 0.60546875 0.08125 0.015625
9 0.45 0.67890625 0.0875 0.01875
9 0.5328125 0.634375 0.065625 0.0171875
9 0.5640625 0.6765625 0.0765625 0.0140625
9 0.52578125 0.59296875 0.071875 0.0171875
9 0.5625 0.6015625 0.0453125 0.0125
9 0.60234375 0.58203125 0.053125 0.0125
9 0.61484375 0.60234375 0.046875 0.0125
9 0.6421875 0.56015625 0.05 0.0125
9 0.6171875 0.53203125 0.053125 0.0125
9 0.6859375 0.5546875 0.0375 0.009375
9 0.69140625 0.56953125 0.040625 0.009375
9 0.64296875 0.59375 0.0375 0.009375
9 0.67265625 0.5875 0.040625 0.009375
9 0.7328125 0.565625 0.034375 0.009375
9 0.7109375 0.53828125 0.0359375 0.0078125
9 0.7265625 0.53046875 0.028125 0.0078125
9 0.70078125 0.51015625 0.0375 0.0109375
9 0.70859375 0.5 0.040625 0.009375
9 0.734375 0.4859375 0.0328125 0.00625
9 0.73671875 0.5 0.028125 0.0078125
9 0.75859375 0.5140625 0.03125 0.00625
9 0.765625 0.4828125 0.028125 0.00625
9 0.75625 0.50078125 0.025 0.009375
9 0.76328125 0.43984375 0.03125 0.0109375
9 0.79296875 0.43984375 0.028125 0.0078125
9 0.79609375 0.45 0.0234375 0.00625
9 0.79140625 0.46796875 0.021875 0.00625
9 0.79609375 0.4859375 0.021875 0.009375
9 0.45546875 0.73828125 0.0953125 0.021875
9 0.4125 0.875 0.09375 0.015625
9 0.325 0.83203125 0.1109375 0.0265625
9 0.2046875 0.215625 0.15625 0.04375
9 0.271875 0.06171875 0.1265625 0.03125
9 0.4140625 0.06015625 0.1078125 0.028125
9 0.39609375 0.26484375 0.1046875 0.034375
9 0.43203125 0.30859375 0.096875 0.025
9 0.43046875 0.39375 0.096875 0.028125
9 0.53125 0.3046875 0.0828125 0.015625
9 0.55 0.3328125 0.0703125 0.0140625
9 0.68984375 0.3171875 0.0578125 0.0125
9 0.7171875 0.3453125 0.04375 0.009375
9 0.74375 0.3296875 0.0359375 0.009375
9 0.746875 0.30078125 0.0390625 0.009375
9 0.81640625 0.3546875 0.025 0.00625
9 0.76328125 0.4 0.0296875 0.009375
9 0.76953125 0.40625 0.0359375 0.0078125
9 0.825 0.3109375 0.021875 0.00625
9 0.81796875 0.32734375 0.0203125 0.00625
8 0.83359375 0.31484375 0.021875 0.015625
8 0.840625 0.33125 0.01875 0.009375
8 0.840625 0.30859375 0.01875 0.01875