9 0.85625 0.72421875 0.059375 0.184375
9 0.9140625 0.4921875 0.0578125 0.16875
9 0.6375 0.5859375 0.04375 0.1375
9 0.59765625 0.575 0.040625 0.1453125
9 0.56015625 0.6109375 0.0390625 0.1421875
9 0.5453125 0.51875 0.0328125 0.1078125
9 0.596875 0.4796875 0.0359375 0.10625
9 0.6421875 0.496875 0.0328125 0.1234375
9 0.65859375 0.4515625 0.034375 0.121875
9 0.309375 0.63125 0.05625 0.1359375
9 0.21640625 0.64921875 0.046875 0.128125
9 0.2421875 0.58125 0.040625 0.1
9 0.36953125 0.46640625 0.0328125 0.1078125
9 0.3375 0.46640625 0.03125 0.1078125
9 0.56640625 0.4375 0.0296875 0.109375
9 0.53359375 0.43125 0.03125 0.1046875
9 0.515625 0.39609375 0.0265625 0.0875
9 0.484375 0.421875 0.0328125 0.09375
9 0.44765625 0.390625 0.0296875 0.0890625
9 0.4109375 0.4078125 0.0328125 0.090625
9 0.390625 0.40546875 0.025 0.0953125
9 0.359375 0.390625 0.0265625 0.071875
9 0.3640625 0.353125 0.025 0.0625
9 0.33828125 0.346875 0.021875 0.0671875
9 0.38671875 0.328125 0.021875 0.0421875
9 0.48203125 0.35625 0.021875 0.0390625
9 0.54296875 0.3796875 0.0234375 0.0828125
9 0.4828125 0.31640625 0.01875 0.0453125
9 0.453125 0.3296875 0.025 0.0765625
9 0.4328125 0.33515625 0.0265625 0.0671875
9 0.41953125 0.31484375 0.0203125 0.0671875
9 0.415625 0.3703125 0.028125 0.078125
9 0.39140625 0.278125 0.03125 0.0828125
9 0.43359375 0.2765625 0.0140625 0.0421875
9 0.4484375 0.27734375 0.015625 0.0390625
9 0.4671875 0.284375 0.0203125 0.0609375
9 0.49765625 0.27265625 0.0140625 0.040625
9 0.50859375 0.2375 0.01875 0.0625
9 0.496875 0.2234375 0.0171875 0.0578125
9 0.50546875 0.31875 0.015625 0.05
9 0.5765625 0.33671875 0.021875 0.0640625
9 0.57109375 0.37109375 0.0265625 0.06875
9 0.58359375 0.20078125 0.0171875 0.0625
9 0.5765625 0.15078125 0.01875 0.0484375
9 0.58515625 0.07265625 0.0140625 0.0390625
9 0.51796875 0.109375 0.015625 0.0453125
9 0.49296875 0.14296875 0.0171875 0.04375
9 0.7015625 0.028125 0.0140625 0.0390625
9 0.68671875 0.0109375 0.0109375 0.021875
9 0.63671875 0.0328125 0.0109375 0.034375
9 0.65234375 0.01171875 0.0109375 0.0234375
9 0.72890625 0.025 0.0125 0.0375
9 0.83828125 0.16484375 0.0296875 0.0640625
8 0.8796875 0.2578125 0.13125 0.128125
8 0.77578125 0.05546875 0.0484375 0.0640625
8 0.62578125 0.3296875 0.0625 0.1109375
8 0.63125 0.23046875 0.0515625 0.0859375
8 0.56484375 0.275 0.06875 0.11875
8 0.5390625 0.18359375 0.0578125 0.0921875
8 0.6265625 0.15078125 0.0421875 0.0859375
8 0.6359375 0.11484375 0.0390625 0.0671875
9 0.36796875 0.63671875 0.053125 0.128125
9 0.440625 0.6359375 0.0453125 0.125
9 0.4046875 0.56953125 0.04375 0.10625
0 0.475 0.6171875 0.040625 0.1578125
0 0.52265625 0.63515625 0.0453125 0.1546875