9 0.9671875 0.22265625 0.065625 0.1453125
9 0.75 0.4984375 0.115625 0.10625
9 0.59453125 0.496875 0.0625 0.053125
9 0.56640625 0.5359375 0.065625 0.053125
9 0.53828125 0.4671875 0.046875 0.040625
9 0.4921875 0.50234375 0.0375 0.0296875
9 0.49765625 0.4671875 0.0359375 0.028125
8 0.4890625 0.5703125 0.090625 0.096875
8 0.4328125 0.825 0.0796875 0.103125
8 0.45703125 0.5390625 0.0421875 0.053125
8 0.4390625 0.51953125 0.0359375 0.040625
8 0.42421875 0.5015625 0.0234375 0.025
9 0.39140625 0.84375 0.0453125 0.04375