8 0.2375 0.6984375 0.2015625 0.1296875
8 0.51640625 0.42734375 0.0671875 0.0484375
8 0.46484375 0.6046875 0.078125 0.0671875
8 0.53984375 0.5796875 0.0578125 0.0515625
8 0.590625 0.51875 0.0328125 0.0234375
8 0.6140625 0.54296875 0.03125 0.025
8 0.59375 0.46875 0.0234375 0.0203125
8 0.61328125 0.48359375 0.025 0.0203125
8 0.6296875 0.5171875 0.0203125 0.0203125
8 0.6375 0.49921875 0.015625 0.0140625
8 0.6421875 0.48046875 0.0140625 0.0109375
8 0.6453125 0.4640625 0.0140625 0.0140625
8 0.65546875 0.51953125 0.0140625 0.0203125
9 0.571875 0.54609375 0.0296875 0.0125
9 0.51796875 0.5890625 0.0328125 0.01875
9 0.546875 0.6234375 0.0421875 0.01875
9 0.5703125 0.46484375 0.0296875 0.009375
9 0.56484375 0.446875 0.0296875 0.009375
9 0.56171875 0.43203125 0.025 0.0109375
9 0.5609375 0.40546875 0.021875 0.009375
9 0.53359375 0.4015625 0.0375 0.0125
9 0.58125 0.39921875 0.0265625 0.0125
9 0.5734375 0.42265625 0.0234375 0.0109375
9 0.59296875 0.41953125 0.015625 0.0078125
9 0.58125 0.434375 0.015625 0.009375
9 0.59453125 0.43125 0.0125 0.0078125
9 0.603125 0.409375 0.021875 0.00625
9 0.5234375 0.37734375 0.0390625 0.015625
9 0.5296875 0.36015625 0.0296875 0.0125
9 0.4984375 0.36171875 0.040625 0.0171875
9 0.47734375 0.346875 0.0484375 0.0203125
9 0.434375 0.33671875 0.06875 0.028125
9 0.53984375 0.34453125 0.034375 0.009375
9 0.55703125 0.3609375 0.03125 0.0125
9 0.5765625 0.375 0.0296875 0.0109375
9 0.60703125 0.3953125 0.0203125 0.0078125
9 0.6109375 0.41953125 0.01875 0.0078125
9 0.60234375 0.44296875 0.0234375 0.009375
9 0.6078125 0.4484375 0.021875 0.0078125
9 0.61015625 0.46015625 0.0140625 0.0046875
9 0.625 0.46328125 0.0171875 0.0078125
9 0.60703125 0.43515625 0.021875 0.0046875
9 0.609375 0.4296875 0.0203125 0.00625
9 0.6296875 0.415625 0.01875 0.00625
9 0.62890625 0.4234375 0.015625 0.00625
1 0.4515625 0.51953125 0.2390625 0.1171875
9 0.40625 0.65859375 0.0859375 0.03125
9 0.30703125 0.26171875 0.096875 0.04375
9 0.1453125 0.15390625 0.1375 0.0671875
9 0.6265625 0.44921875 0.015625 0.00625
9 0.63359375 0.440625 0.015625 0.0046875
9 0.63046875 0.434375 0.0140625 0.0046875
9 0.62265625 0.43828125 0.0140625 0.0046875
9 0.62890625 0.4734375 0.015625 0.0046875
9 0.6328125 0.47734375 0.015625 0.0046875