8 0.434375 0.8515625 0.1375 0.18046875
8 0.35 0.69140625 0.09765625 0.1375
8 0.15625 0.54609375 0.0875 0.1171875
8 0.2578125 0.44375 0.06171875 0.090625
8 0.18125 0.42109375 0.0625 0.0796875
8 0.2296875 0.37890625 0.053125 0.0703125
8 0.29375 0.3625 0.0515625 0.0703125
8 0.37734375 0.35234375 0.0578125 0.0578125
8 0.67421875 0.36328125 0.05546875 0.06796875
8 0.38984375 0.3015625 0.04375 0.059375
8 0.37890625 0.259375 0.0296875 0.03515625
8 0.3484375 0.24375 0.0234375 0.034375
8 0.296875 0.19609375 0.021875 0.03125
8 0.3390625 0.19296875 0.0171875 0.02734375
8 0.50078125 0.19765625 0.01640625 0.0234375
1 0.46015625 0.18203125 0.03515625 0.0578125
1 0.384375 0.2015625 0.04765625 0.06640625
3 0.42265625 0.18359375 0.02421875 0.04296875
9 0.4578125 0.2546875 0.009375 0.04296875
9 0.47578125 0.33125 0.0125 0.0484375
9 0.48828125 0.3234375 0.009375 0.05
9 0.509375 0.33203125 0.01015625 0.04765625
9 0.53125 0.33515625 0.0109375 0.04375
9 0.5140625 0.41328125 0.015625 0.0671875
9 0.53828125 0.428125 0.01171875 0.0625
9 0.559375 0.446875 0.01328125 0.06875
9 0.60546875 0.50234375 0.01484375 0.08046875
9 0.67890625 0.55 0.01875 0.08828125
9 0.634375 0.4671875 0.0171875 0.065625
9 0.6765625 0.4359375 0.0140625 0.0765625
9 0.59296875 0.47421875 0.0171875 0.07109375
9 0.6015625 0.4375 0.01328125 0.0453125
9 0.58203125 0.39765625 0.01328125 0.05390625
9 0.60234375 0.38515625 0.0125 0.04609375
9 0.56015625 0.3578125 0.01171875 0.04921875
9 0.53203125 0.3828125 0.0125 0.05234375
9 0.5546875 0.3140625 0.00859375 0.03828125
9 0.56953125 0.30859375 0.00859375 0.03984375
9 0.59375 0.35703125 0.00859375 0.03671875
9 0.5875 0.32734375 0.009375 0.040625
9 0.565625 0.2671875 0.009375 0.03359375
9 0.53828125 0.2890625 0.0078125 0.0359375
9 0.53046875 0.2734375 0.0078125 0.02734375
9 0.51015625 0.29921875 0.0109375 0.03671875
9 0.5 0.29140625 0.00859375 0.040625
9 0.4859375 0.265625 0.00625 0.0328125
9 0.5 0.26328125 0.0078125 0.028125
9 0.5140625 0.24140625 0.00703125 0.03203125
9 0.4828125 0.234375 0.00703125 0.028125
9 0.50078125 0.24375 0.01015625 0.02578125
9 0.43984375 0.23671875 0.0109375 0.03046875
9 0.43984375 0.20703125 0.0078125 0.02734375
9 0.45 0.20390625 0.00625 0.0234375
9 0.46796875 0.20859375 0.00546875 0.02265625
9 0.4859375 0.20390625 0.00859375 0.02265625
9 0.73828125 0.54453125 0.021875 0.0953125
9 0.875 0.5875 0.01640625 0.09296875
9 0.83203125 0.675 0.02578125 0.1109375
9 0.215625 0.7953125 0.04296875 0.15703125
9 0.06171875 0.728125 0.03046875 0.1265625
9 0.06015625 0.5859375 0.028125 0.1078125
9 0.26484375 0.60390625 0.034375 0.1046875
9 0.30859375 0.56796875 0.02578125 0.09765625
9 0.39375 0.56953125 0.02734375 0.09765625
9 0.3046875 0.46875 0.015625 0.0828125
9 0.3328125 0.45 0.0140625 0.0703125
9 0.3171875 0.31015625 0.0125 0.0578125
9 0.3453125 0.2828125 0.009375 0.04453125
9 0.3296875 0.25625 0.009375 0.0359375
9 0.30078125 0.253125 0.00859375 0.0390625
9 0.3546875 0.18359375 0.00546875 0.025
9 0.4 0.23671875 0.009375 0.0296875
9 0.40625 0.23046875 0.0078125 0.0359375
9 0.3109375 0.175 0.00546875 0.021875
9 0.32734375 0.18203125 0.00625 0.0203125
8 0.31484375 0.16640625 0.015625 0.02109375
8 0.33125 0.159375 0.01015625 0.01953125
8 0.30859375 0.159375 0.01875 0.01953125