9 0.5859375 0.68125 0.06875 0.1015625
9 0.6078125 0.60234375 0.0609375 0.071875
9 0.67421875 0.57578125 0.0484375 0.075
9 0.4890625 0.58515625 0.0484375 0.078125
9 0.52421875 0.5328125 0.046875 0.059375
9 0.5109375 0.45390625 0.0171875 0.0328125
9 0.5484375 0.440625 0.01875 0.0359375
9 0.50078125 0.42734375 0.0140625 0.0265625
9 0.4796875 0.38828125 0.0125 0.01875
9 0.465625 0.37265625 0.0109375 0.015625
9 0.453125 0.346875 0.0078125 0.0125
9 0.43828125 0.35 0.0046875 0.009375
9 0.44375 0.34609375 0.003125 0.0109375
9 0.4265625 0.34609375 0.003125 0.009375
9 0.4375 0.34140625 0.003125 0.00625
0 0.61953125 0.43984375 0.0203125 0.0328125
8 0.43359375 0.47578125 0.0625 0.0546875
8 0.43046875 0.41484375 0.0359375 0.0296875
8 0.45625 0.32734375 0.009375 0.0078125
8 0.47265625 0.3421875 0.0234375 0.015625