9 0.265625 0.92421875 0.121875 0.0953125
9 0.48046875 0.48203125 0.0765625 0.05
9 0.553125 0.64375 0.0546875 0.04375
6 0.70234375 0.5296875 0.01875 0.009375
9 0.70390625 0.4921875 0.015625 0.009375
9 0.709375 0.5671875 0.015625 0.0109375
9 0.715625 0.50390625 0.0125 0.0078125
9 0.71640625 0.51484375 0.0125 0.009375
9 0.71875 0.49375 0.015625 0.009375
9 0.7140625 0.478125 0.015625 0.009375
9 0.740625 0.48671875 0.0078125 0.009375
9 0.740625 0.50078125 0.00625 0.00625
9 0.72734375 0.528125 0.0078125 0.009375
8 0.71875 0.54453125 0.015625 0.028125
8 0.7234375 0.4625 0.0125 0.021875
8 0.7296875 0.44375 0.0109375 0.01875
8 0.7296875 0.478125 0.009375 0.01875
8 0.7390625 0.46171875 0.009375 0.01875
8 0.75 0.5078125 0.0078125 0.015625
8 0.6453125 0.1625 0.046875 0.075
8 0.66328125 0.265625 0.05 0.08125
9 0.66484375 0.07421875 0.034375 0.046875