8 0.39453125 0.93203125 0.24296875 0.1359375
8 0.3921875 0.59921875 0.11015625 0.090625
7 0.0953125 0.50546875 0.1375 0.11328125
8 0.503125 0.53125 0.07109375 0.06875
8 0.3984375 0.4921875 0.0609375 0.0453125
8 0.39609375 0.4484375 0.04375 0.0328125
8 0.46640625 0.44609375 0.04375 0.0328125
8 0.5140625 0.41640625 0.0546875 0.0484375
8 0.43984375 0.40078125 0.0265625 0.02109375
7 0.4046875 0.4140625 0.04296875 0.04296875
9 0.5734375 0.584375 0.04140625 0.065625
9 0.675 0.54921875 0.03515625 0.05859375
9 0.5734375 0.5234375 0.0359375 0.04921875
9 0.52890625 0.471875 0.0265625 0.0390625
9 0.490625 0.4875 0.0296875 0.03359375
9 0.45546875 0.4640625 0.025 0.034375
9 0.4890625 0.46484375 0.025 0.03125
9 0.52890625 0.4734375 0.02578125 0.03828125
9 0.50078125 0.44453125 0.0234375 0.03046875