8 0.64765625 0.690625 0.0671875 0.1
8 0.58671875 0.73828125 0.0984375 0.184375
8 0.58203125 0.434375 0.04375 0.059375
8 0.59609375 0.35234375 0.0421875 0.0578125
8 0.50390625 0.325 0.0421875 0.05625
8 0.52109375 0.2671875 0.0359375 0.0546875
8 0.56875 0.271875 0.0359375 0.0546875
8 0.6140625 0.21953125 0.034375 0.0484375
8 0.69140625 0.23046875 0.0359375 0.0546875
8 0.496875 0.16328125 0.034375 0.0453125
8 0.5375 0.15390625 0.03125 0.0453125
9 0.57109375 0.15859375 0.0203125 0.0359375
9 0.584375 0.15546875 0.01875 0.0390625
9 0.59140625 0.184375 0.01875 0.0328125
9 0.6 0.1640625 0.01875 0.0328125
9 0.6140625 0.15625 0.021875 0.0390625
9 0.51875 0.2125 0.021875 0.0359375
9 0.575 0.21328125 0.01875 0.0328125
9 0.5921875 0.25546875 0.0234375 0.0375
9 0.64921875 0.20625 0.021875 0.040625
9 0.62734375 0.2 0.021875 0.0390625
9 0.53515625 0.37890625 0.028125 0.04375
9 0.64296875 0.30078125 0.0265625 0.0484375
9 0.6578125 0.35703125 0.0265625 0.05
9 0.6375 0.41640625 0.0328125 0.053125
9 0.6546875 0.49609375 0.03125 0.0625
9 0.6390625 0.51875 0.028125 0.0546875
9 0.653125 0.54921875 0.028125 0.0546875
9 0.7234375 0.4984375 0.0296875 0.059375
9 0.759375 0.47578125 0.0296875 0.05625
9 0.6859375 0.37890625 0.028125 0.05
9 0.7046875 0.3484375 0.028125 0.053125
9 0.68515625 0.2875 0.0234375 0.0453125
9 0.6921875 0.26875 0.021875 0.040625
9 0.64375 0.24375 0.021875 0.040625
9 0.67265625 0.27109375 0.021875 0.0421875
9 0.203125 0.60859375 0.034375 0.05625
9 0.265625 0.61015625 0.03125 0.059375
9 0.2703125 0.53125 0.0296875 0.05625
9 0.2640625 0.49296875 0.0328125 0.05
9 0.2953125 0.46484375 0.028125 0.0515625
9 0.20703125 0.47265625 0.0328125 0.053125
9 0.18984375 0.51328125 0.034375 0.05625
9 0.22734375 0.37265625 0.0265625 0.046875
9 0.2625 0.3640625 0.0265625 0.05
8 0.27421875 0.415625 0.05 0.0625
8 0.25546875 0.1828125 0.028125 0.0359375
8 0.26484375 0.15 0.0265625 0.0375
8 0.26875 0.13203125 0.025 0.040625
8 0.284375 0.1609375 0.0296875 0.040625
9 0.26953125 0.30625 0.0203125 0.0359375
9 0.25 0.296875 0.021875 0.040625
9 0.26328125 0.24609375 0.0171875 0.034375
9 0.23671875 0.26484375 0.025 0.040625
9 0.28125 0.24140625 0.0203125 0.0359375
9 0.284375 0.290625 0.021875 0.04375
9 0.29765625 0.2859375 0.021875 0.0421875
9 0.3 0.25078125 0.021875 0.0375
9 0.31875 0.2984375 0.025 0.040625