9 0.28515625 0.23828125 0.13125 0.0890625
9 0.43046875 0.32265625 0.0734375 0.059375
9 0.4421875 0.4015625 0.071875 0.053125
9 0.51796875 0.41171875 0.0609375 0.040625
9 0.58125 0.4578125 0.0265625 0.0234375
9 0.59140625 0.5359375 0.028125 0.01875
9 0.5921875 0.50625 0.0234375 0.0171875
8 0.5859375 0.375 0.040625 0.046875
8 0.56015625 0.50078125 0.0453125 0.05
8 0.61796875 0.53359375 0.0265625 0.0296875
8 0.59609375 0.57734375 0.034375 0.04375
8 0.2703125 0.56484375 0.225 0.1984375
8 0.12109375 0.2671875 0.2 0.2484375
7 0.4984375 0.5609375 0.1296875 0.109375
8 0.6234375 0.57734375 0.0234375 0.0375