9 0.87265625 0.75234375 0.03671875 0.04296875
9 0.7421875 0.6953125 0.040625 0.0421875
9 0.540625 0.584375 0.028125 0.0453125
9 0.665625 0.59609375 0.03046875 0.040625
9 0.55390625 0.6640625 0.0359375 0.034375
9 0.48046875 0.75625 0.0375 0.0484375
9 0.4328125 0.740625 0.0265625 0.053125
9 0.4171875 0.759375 0.0328125 0.04296875
9 0.41328125 0.8078125 0.0296875 0.046875
9 0.478125 0.9203125 0.02578125 0.0453125
9 0.37890625 0.721875 0.02421875 0.0375
9 0.3609375 0.75078125 0.02734375 0.04140625
9 0.33359375 0.7640625 0.0234375 0.0375
9 0.32734375 0.803125 0.0296875 0.03359375
9 0.30546875 0.7171875 0.02734375 0.0375
9 0.3375 0.7046875 0.028125 0.04140625
9 0.3625 0.6859375 0.02734375 0.034375
9 0.3234375 0.64609375 0.021875 0.0375
9 0.29609375 0.6640625 0.02578125 0.04296875
9 0.26484375 0.66171875 0.02421875 0.03515625
9 0.26015625 0.696875 0.01875 0.0328125
9 0.26171875 0.73203125 0.02734375 0.0390625
9 0.21796875 0.6453125 0.02109375 0.03828125
9 0.23671875 0.61640625 0.01875 0.03828125
9 0.2578125 0.6125 0.02109375 0.0390625
9 0.28203125 0.609375 0.021875 0.04140625
9 0.2171875 0.5765625 0.025 0.0359375
9 0.203125 0.53671875 0.01796875 0.03515625
9 0.23359375 0.54921875 0.02265625 0.03984375
9 0.178125 0.57890625 0.0203125 0.04296875
9 0.60234375 0.62890625 0.01953125 0.04140625
9 0.6328125 0.6359375 0.0234375 0.03828125
9 0.5953125 0.6625 0.028125 0.03125
2 0.38837209375000004 0.6567622953125001 0.40542635625 0.6772540984375001 0.41395348906249996 0.6772540984375001 0.42325581406249996 0.6711065578125 0.438759690625 0.652663934375 0.439534884375 0.6270491796875 0.43100775156250004 0.6004098359375 0.42170542656250004 0.590163934375 0.41162790625 0.5573770484375 0.342635659375 0.484631146875 0.3341085265625 0.47745901562500004 0.3255813953125 0.47643442656249996 0.28837209375 0.5092213109375 0.2860465109375 0.533811475 0.29457364375 0.5594262296875 0.360465115625 0.6393442625 0.38837209375000004 0.6567622953125001
2 0.4286821703125 0.585040984375 0.44263565937499993 0.5993852453125 0.45193798437500005 0.6014344265625 0.4767441859375 0.631147540625 0.49379845 0.6229508203125 0.5046511625 0.609631146875 0.50542635625 0.5788934421875 0.5 0.5645491796875 0.455038759375 0.49282786874999995 0.448837209375 0.49282786874999995 0.4255813953125 0.47336065625 0.3922480625 0.48872950781249996 0.38604651093750003 0.5020491796875 0.3875969 0.5256147546875 0.40620155 0.547131146875 0.4286821703125 0.585040984375
2 0.290697675 0.4282786890625 0.3255813953125 0.45901639375 0.3286821703125 0.4702868859375 0.36124030937499996 0.5020491796875 0.3720930234375 0.5040983609375 0.3813953484375 0.49795082031250004 0.39302325625 0.48155737656250003 0.3953488375 0.4692622953125 0.39302325625 0.4467213109375 0.3844961234375 0.4323770484375 0.37364341093750003 0.4231557375 0.3689922484375 0.40061475468749996 0.2984496125 0.32786885312499997 0.2790697671875 0.31762295156250003 0.2674418609375 0.32479508125 0.24806201562500002 0.3452868859375 0.251162790625 0.366803278125 0.26899224843749997 0.3913934421875 0.2767441859375 0.40983606562499997 0.290697675 0.4282786890625
8 0.46046511562500003 0.4672131140625 0.47441860468749997 0.4672131140625 0.48992248125 0.452868853125 0.49302325625 0.4344262296875 0.48992248125 0.42725409843750006 0.4713178296875 0.40266393437500003 0.447286821875 0.38012295156250003 0.4271317828125 0.3637295078125 0.4170542640625 0.3657786890625 0.40775193749999994 0.3770491796875 0.40775193749999994 0.408811475 0.4155038765625 0.4282786890625 0.438759690625 0.44364754062499995 0.46046511562500003 0.4672131140625
8 0.5302325578125 0.5584016390625 0.545736434375 0.5655737703125 0.555813953125 0.5819672125 0.5806201546875001 0.5635245906249999 0.5821705421875001 0.5512295078125 0.5790697671875 0.542008196875 0.546511628125 0.498975409375 0.5170542640625 0.47745901562500004 0.50620155 0.47848360625 0.49612403125000004 0.4907786890625 0.49302325625 0.506147540625 0.5015503875 0.528688525 0.5162790703125 0.533811475 0.5302325578125 0.5584016390625
8 0.4860465109375 0.408811475 0.5046511625 0.43135245937500005 0.5217054265625001 0.43545082031250004 0.541085271875 0.4211065578125 0.5426356593749999 0.4067622953125 0.538759690625 0.395491803125 0.4953488375 0.3452868859375 0.4751937984375 0.3360655734375 0.4627906984375 0.34323770468750003 0.455038759375 0.3575819671875 0.454263565625 0.3709016390625 0.46201550312500006 0.39036885312499997 0.48139534843750004 0.40983606562499997 0.4860465109375 0.408811475
8 0.28837209375 0.30737704843749997 0.30155038749999996 0.3012295078125 0.3108527125 0.29098360625 0.309302325 0.2735655734375 0.2953488375 0.25102459062500004 0.2651162796875 0.2243852453125 0.251162790625 0.2192622953125 0.23410852656249997 0.23872950781250002 0.23410852656249997 0.2520491796875 0.23875969062500002 0.26536885312499997 0.28139534843749997 0.306352459375 0.28837209375 0.30737704843749997
8 0.19147286875 0.33709016406250003 0.196899225 0.346311475 0.21007751875 0.352459015625 0.2279069765625 0.341188525 0.2325581390625 0.3288934421875 0.2325581390625 0.31762295156250003 0.2193798453125 0.3012295078125 0.21627907031250002 0.289959015625 0.1720930234375 0.25102459062500004 0.156589146875 0.2612704921875 0.151937984375 0.27151639375 0.151162790625 0.28688524531250004 0.156589146875 0.3032786890625 0.1658914734375 0.3155737703125 0.19147286875 0.33709016406250003
8 0.1232558140625 0.24282786875 0.14031007812500002 0.2356557375 0.149612403125 0.2243852453125 0.147286821875 0.21004098437500002 0.138759690625 0.195696721875 0.1 0.159836065625 0.0922480625 0.15881147499999998 0.0829457359375 0.16495901562499998 0.0744186046875 0.1823770484375 0.0759689921875 0.1987704921875 0.09147286875 0.2202868859375 0.1147286828125 0.23258196718750002 0.1232558140625 0.24282786875
8 0 0.25 0.016279070312499998 0.272540984375 0.0279069765625 0.277663934375 0.048837209375 0.2961065578125 0.0635658921875 0.2930327875 0.0767441859375 0.28073770468750003 0.0759689921875 0.2612704921875 0.061240309375 0.24077868906250002 0.059689921874999996 0.23258196718750002 0.053488371874999996 0.2305327875 0.024806201562499998 0.19979508125 0.01162790625 0.1977459015625 0.00542635625 0.200819671875 0 0.2059426234375 0 0.25
8 0.28992248125 0.174180328125 0.29147286875 0.1577868859375 0.2875969 0.14754098437500002 0.252713178125 0.11270491875 0.244961240625 0.10758196718749999 0.22635658906249997 0.10450819687499999 0.21317829531250002 0.11782786875 0.21782945781250002 0.14651639375 0.258914728125 0.1823770484375 0.2751937984375 0.186475409375 0.28992248125 0.174180328125
8 0 0.125 0.0348837203125 0.1690573765625 0.044186046875 0.1700819671875 0.0627906984375 0.15573770468749998 0.0643410859375 0.1424180328125 0.057364340624999996 0.1280737703125 0.042635659375 0.10860655781249999 0.009302325 0.0799180328125 0 0.0799180328125 0 0.125
2 0.016279070312499998 0 0.0155038765625 0.020491803125 0.020930232812499998 0.032786885937499996 0.037209301562500005 0.05225409843749999 0.042635659375 0.0665983609375 0.043410853124999996 0.0799180328125 0.051937984375 0.0952868859375 0.0720930234375 0.11065573749999999 0.0844961234375 0.11270491875 0.11937984531250001 0.1434426234375 0.1263565890625 0.1547131140625 0.139534884375 0.16393442656249999 0.142635659375 0.1711065578125 0.1651162796875 0.1926229515625 0.1821705421875 0.1987704921875 0.20542635625 0.18032786875 0.21162790625 0.16598360625 0.20542635625 0.126024590625 0.1891472875 0.0952868859375 0.142635659375 0.04098360625 0.0922480625 0 0.016279070312499998 0
8 0.18837209375 0.090163934375 0.19224806249999998 0.0860655734375 0.1953488375 0.07684426250000001 0.19457364375 0.0645491796875 0.1720930234375 0.033811475 0.155038759375 0.020491803125 0.14651162812500002 0.020491803125 0.1372093015625 0.027663934374999997 0.137984496875 0.037909835937500004 0.157364340625 0.056352459375 0.1813953484375 0.0870901640625 0.18837209375 0.090163934375
3 0.1713178296875 0.429303278125 0.1813953484375 0.41905737656250003 0.1837209296875 0.40061475468749996 0.18062015468749998 0.3924180328125 0.1666666671875 0.3719262296875 0.155813953125 0.347336065625 0.1263565890625 0.3145491796875 0.1186046515625 0.31147540937499996 0.09612403124999999 0.3299180328125 0.1015503875 0.3637295078125 0.143410853125 0.41598360625 0.162015503125 0.43135245937500005 0.1713178296875 0.429303278125
9 0.1453125 0.4921875 0.028125 0.0484375
9 0.18828125 0.46171875 0.0390625 0.0453125
3 0.36201550312499997 0.27663934375 0.3953488375 0.30532786875 0.40387596875 0.304303278125 0.42248062031250005 0.28688524531250004 0.4255813953125 0.2797131140625 0.42403100781249997 0.2520491796875 0.40542635625 0.22848360625000003 0.40232558125000006 0.21516393437499998 0.340310078125 0.15881147499999998 0.3286821703125 0.16393442656249999 0.3124031 0.18032786875 0.30852713125000003 0.1854508203125 0.30852713125000003 0.193647540625 0.3131782953125 0.22336065624999998 0.36201550312499997 0.27663934375