8 0.25703125 0.70703125 0.20234375 0.05859375
8 0.24453125 0.6203125 0.1921875 0.053125
8 0.3296875 0.45234375 0.16171875 0.05
8 0.11796875 0.44375 0.14296875 0.04296875
8 0.14921875 0.334375 0.14375 0.0453125
8 0.48203125 0.34296875 0.1609375 0.05
2 0.2125 0.51484375 0.3875 0.0890625
9 0.43125 0.5765625 0.05390625 0.01796875
9 0.3578125 0.5765625 0.07265625 0.02265625
9 0.29375 0.57421875 0.07265625 0.02890625
9 0.54453125 0.44765625 0.0484375 0.0265625
9 0.653125 0.44765625 0.0671875 0.01875
9 0.7875 0.4265625 0.07265625 0.0359375
9 0.6359375 0.26640625 0.05390625 0.02421875
9 0.784375 0.253125 0.0421875 0.02265625
9 0.834375 0.265625 0.04921875 0.03203125
9 0.38359375 0.83671875 0.0609375 0.03359375
9 0.30703125 0.77734375 0.05078125 0.021875
9 0.1375 0.80703125 0.065625 0.021875
9 0.17265625 0.871875 0.06171875 0.0171875
9 0.4421875 0.90078125 0.06796875 0.02421875