9 0.13984375 0.721875 0.046875 0.19375
9 0.2265625 0.87421875 0.0640625 0.240625
9 0.33828125 0.88125 0.06796875 0.2375
9 0.43359375 0.821875 0.04765625 0.23515625
9 0.39140625 0.73125 0.04765625 0.22421875
9 0.51015625 0.69140625 0.05 0.2140625
9 0.5921875 0.82109375 0.040625 0.23046875
9 0.69609375 0.81796875 0.0515625 0.25
9 0.6359375 0.46015625 0.0453125 0.16328125
9 0.51875 0.44375 0.0265625 0.14765625
9 0.4828125 0.49765625 0.040625 0.15625
9 0.43359375 0.60234375 0.05 0.1703125
9 0.746875 0.45625 0.03515625 0.1640625
9 0.23125 0.56015625 0.0484375 0.15
9 0.309375 0.51953125 0.0421875 0.1484375
9 0.29609375 0.44375 0.0296875 0.12421875
9 0.34375 0.39921875 0.034375 0.1109375
9 0.40703125 0.46953125 0.028125 0.13203125
9 0.5640625 0.353125 0.03203125 0.1125
9 0.30859375 0.26328125 0.02265625 0.10625
9 0.334375 0.2796875 0.0171875 0.115625
9 0.37109375 0.26953125 0.025 0.08125
9 0.45546875 0.3484375 0.0265625 0.09296875
9 0.503125 0.30546875 0.02734375 0.09140625
9 0.1 0.44765625 0.03515625 0.13515625
9 0.153125 0.39375 0.03203125 0.11328125
9 0.03046875 0.47734375 0.03203125 0.13203125
9 0.13515625 0.3359375 0.02578125 0.103125
8 0.56640625 0.2578125 0.053125 0.09375
8 0.62421875 0.19921875 0.05625 0.09921875
8 0.52421875 0.20703125 0.0515625 0.0875
8 0.44765625 0.1640625 0.04375 0.078125
8 0.434375 0.12578125 0.03984375 0.0671875
8 0.51484375 0.08671875 0.04375 0.05390625
8 0.4890625 0.06328125 0.034375 0.0546875