8 0.8515625 0.565625 0.18125 0.1375
8 0.69140625 0.65 0.1375 0.096875
8 0.54609375 0.84375 0.1171875 0.0875
8 0.44375 0.7421875 0.090625 0.0625
8 0.42109375 0.81875 0.0796875 0.0625
8 0.37890625 0.7703125 0.0703125 0.053125
8 0.3625 0.70625 0.0703125 0.0515625
8 0.35234375 0.62265625 0.0578125 0.0578125
8 0.36328125 0.32578125 0.06875 0.05625
8 0.3015625 0.61015625 0.059375 0.04375
8 0.259375 0.62109375 0.034375 0.0296875
8 0.24375 0.6515625 0.034375 0.0234375
8 0.19609375 0.703125 0.03125 0.021875
8 0.19296875 0.6609375 0.028125 0.0171875
8 0.19765625 0.49921875 0.0234375 0.015625
1 0.18203125 0.53984375 0.0578125 0.034375
1 0.2015625 0.615625 0.065625 0.046875
3 0.18359375 0.57734375 0.04375 0.025
9 0.2546875 0.5421875 0.04375 0.009375
9 0.33125 0.52421875 0.0484375 0.0125
9 0.3234375 0.51171875 0.05 0.009375
9 0.33203125 0.490625 0.046875 0.009375
9 0.33515625 0.46875 0.04375 0.0109375
9 0.41328125 0.4859375 0.0671875 0.015625
9 0.428125 0.46171875 0.0625 0.0125
9 0.446875 0.440625 0.06875 0.0125
9 0.50234375 0.39453125 0.08125 0.015625
9 0.55 0.32109375 0.0875 0.01875
9 0.4671875 0.365625 0.065625 0.0171875
9 0.4359375 0.3234375 0.0765625 0.0140625
9 0.47421875 0.40703125 0.071875 0.0171875
9 0.4375 0.3984375 0.0453125 0.0125
9 0.39765625 0.41796875 0.053125 0.0125
9 0.38515625 0.39765625 0.046875 0.0125
9 0.3578125 0.43984375 0.05 0.0125
9 0.3828125 0.46796875 0.053125 0.0125
9 0.3140625 0.4453125 0.0375 0.009375
9 0.30859375 0.43046875 0.040625 0.009375
9 0.35703125 0.40625 0.0375 0.009375
9 0.32734375 0.4125 0.040625 0.009375
9 0.2671875 0.434375 0.034375 0.009375
9 0.2890625 0.46171875 0.0359375 0.0078125
9 0.2734375 0.46953125 0.028125 0.0078125
9 0.29921875 0.48984375 0.0375 0.0109375
9 0.29140625 0.5 0.040625 0.009375
9 0.265625 0.5140625 0.0328125 0.00625
9 0.26328125 0.5 0.028125 0.0078125
9 0.24140625 0.4859375 0.03125 0.00625
9 0.234375 0.5171875 0.028125 0.00625
9 0.24375 0.49921875 0.025 0.009375
9 0.23671875 0.56015625 0.03125 0.0109375
9 0.20703125 0.56015625 0.028125 0.0078125
9 0.20390625 0.55 0.0234375 0.00625
9 0.20859375 0.53203125 0.021875 0.00625
9 0.20390625 0.5140625 0.021875 0.009375
9 0.54453125 0.26171875 0.0953125 0.021875
9 0.5875 0.125 0.09375 0.015625
9 0.675 0.16796875 0.1109375 0.025
9 0.7953125 0.784375 0.15625 0.04375
9 0.728125 0.93828125 0.1265625 0.03125
9 0.5859375 0.93984375 0.1078125 0.028125
9 0.60390625 0.73515625 0.1046875 0.034375
9 0.56796875 0.69140625 0.096875 0.025
9 0.56953125 0.60625 0.096875 0.028125
9 0.46875 0.6953125 0.0828125 0.015625
9 0.45 0.6671875 0.0703125 0.0140625
9 0.31015625 0.6828125 0.0578125 0.0125
9 0.2828125 0.6546875 0.04375 0.009375
9 0.25625 0.6703125 0.0359375 0.009375
9 0.253125 0.69921875 0.0390625 0.009375
9 0.18359375 0.6453125 0.025 0.00625
9 0.23671875 0.6 0.0296875 0.009375
9 0.23046875 0.59375 0.0359375 0.0078125
9 0.175 0.6890625 0.021875 0.00625
9 0.18203125 0.67265625 0.0203125 0.00625
8 0.16640625 0.68515625 0.021875 0.015625
8 0.159375 0.66875 0.01875 0.009375
8 0.159375 0.69140625 0.01875 0.01875