9 0.81796875 0.86953125 0.1484375 0.16796875
9 0.61484375 0.7984375 0.134375 0.15546875
9 0.53828125 0.55078125 0.0859375 0.08359375
9 0.659375 0.5625 0.0859375 0.08359375
9 0.5265625 0.43125 0.05703125 0.053125
9 0.459375 0.415625 0.04453125 0.04765625
9 0.4171875 0.3796875 0.0453125 0.04921875
9 0.50703125 0.3703125 0.04296875 0.03828125
9 0.5515625 0.3578125 0.0359375 0.0390625
9 0.4390625 0.3453125 0.03125 0.0265625
9 0.3328125 0.31796875 0.0328125 0.03046875
9 0.4625 0.32578125 0.02890625 0.02578125
9 0.425 0.32734375 0.03359375 0.02890625
8 0.3546875 0.578125 0.18984375 0.11875
8 0.35703125 0.303125 0.03984375 0.01953125
8 0.3625 0.27421875 0.04140625 0.03203125
8 0.93828125 0.628125 0.1234375 0.109375