9 0.31484375 0.5765625 0.0984375 0.0640625
9 0.3921875 0.60234375 0.0703125 0.0578125
9 0.415625 0.6703125 0.071875 0.0453125
9 0.415625 0.484375 0.075 0.0453125
9 0.465625 0.52265625 0.05625 0.0453125
9 0.5453125 0.51328125 0.03125 0.015625
9 0.55703125 0.5515625 0.034375 0.015625
9 0.57265625 0.5046875 0.025 0.0125
9 0.6125 0.48515625 0.01875 0.0109375
9 0.62890625 0.471875 0.015625 0.009375
9 0.65546875 0.46171875 0.0125 0.00625
9 0.653125 0.446875 0.009375 0.0046875
9 0.65703125 0.4515625 0.0109375 0.003125
9 0.6578125 0.434375 0.009375 0.003125
9 0.66171875 0.4453125 0.00625 0.003125
0 0.55390625 0.62265625 0.03125 0.01875
8 0.528125 0.434375 0.0515625 0.0609375
8 0.5890625 0.43515625 0.028125 0.034375
8 0.67421875 0.465625 0.0078125 0.009375
8 0.659375 0.48046875 0.0140625 0.021875