9 0.9359375 0.52421875 0.128125 0.1171875
9 0.58046875 0.69765625 0.1875 0.08125
9 0.46484375 0.73671875 0.1671875 0.071875
9 0.52734375 0.85390625 0.18125 0.08125
9 0.54375 0.5234375 0.16875 0.0765625
9 0.428125 0.328125 0.121875 0.05625
9 0.50078125 0.2546875 0.1390625 0.075
9 0.628125 0.11796875 0.16875 0.096875
9 0.33359375 0.42890625 0.125 0.065625
9 0.0859375 0.7046875 0.0671875 0.04375
9 0.1546875 0.8890625 0.109375 0.05
9 0.07421875 0.8671875 0.065625 0.0328125
9 0.07109375 0.81875 0.0703125 0.028125
8 0.7875 0.18046875 0.296875 0.2640625
8 0.4515625 0.46484375 0.171875 0.171875
8 0.1796875 0.590625 0.1296875 0.10625
8 0.1671875 0.77109375 0.1234375 0.11875
8 0.09375 0.75078125 0.0734375 0.0703125
8 0.01484375 0.85859375 0.0296875 0.0546875