9 0.25234375 0.93828125 0.1046875 0.08125
9 0.234375 0.765625 0.1015625 0.1453125
9 0.41796875 0.63515625 0.065625 0.090625
9 0.48984375 0.540625 0.040625 0.0625
9 0.50078125 0.50234375 0.0359375 0.0515625
9 0.44765625 0.51015625 0.04375 0.053125
9 0.4625 0.46953125 0.0328125 0.040625
9 0.50078125 0.44296875 0.028125 0.0359375
9 0.5328125 0.4140625 0.021875 0.0296875
8 0.39609375 0.41640625 0.046875 0.0359375
8 0.59296875 0.42265625 0.0375 0.028125
8 0.5625 0.39765625 0.040625 0.0359375
8 0.60625 0.409375 0.028125 0.025
8 0.603125 0.38984375 0.0234375 0.0203125
8 0.58125 0.38203125 0.0203125 0.0171875
9 0.4625 0.43125 0.0234375 0.0265625