0 0.66953125 0.4421875 0.02578125 0.03359375
9 0.56484375 0.4109375 0.01640625 0.03046875
9 0.5828125 0.396875 0.01640625 0.0234375
9 0.47109375 0.3796875 0.01171875 0.0234375
10 0.53671875 0.35234375 0.01015625 0.0140625
9 0.5203125 0.33671875 0.00546875 0.01015625
9 0.51015625 0.33125 0.00625 0.009375
8 0.48515625 0.3328125 0.01640625 0.01328125
8 0.5328125 0.334375 0.0109375 0.01015625
8 0.52734375 0.3296875 0.0125 0.00703125
3 0.478125 0.31796875 0.0140625 0.0125
8 0.4953125 0.31484375 0.01015625 0.009375
8 0.23046875 0.41953125 0.06953125 0.040625
9 0.01796875 0.5328125 0.0359375 0.09375