9 0.28828125 0.9359375 0.1265625 0.1015625
9 0.4796875 0.4828125 0.0796875 0.0546875
9 0.5609375 0.640625 0.05625 0.046875
6 0.70390625 0.51875 0.01875 0.0109375
9 0.703125 0.48125 0.015625 0.0109375
9 0.7125 0.55625 0.015625 0.0125
9 0.715625 0.49296875 0.0125 0.0078125
9 0.7171875 0.503125 0.0125 0.009375
9 0.71796875 0.48203125 0.015625 0.0109375
9 0.7125 0.4671875 0.015625 0.0109375
9 0.73984375 0.47421875 0.0078125 0.009375
9 0.740625 0.48828125 0.00625 0.00625
9 0.728125 0.51640625 0.0078125 0.009375
8 0.72109375 0.5328125 0.0171875 0.028125
8 0.72109375 0.45078125 0.0140625 0.021875
8 0.7265625 0.43203125 0.0125 0.01875
8 0.728125 0.46640625 0.0109375 0.01875
8 0.73671875 0.44921875 0.0109375 0.01875
8 0.75 0.49453125 0.009375 0.015625
8 0.62734375 0.15546875 0.05 0.078125
8 0.65078125 0.25703125 0.0546875 0.084375
9 0.6421875 0.06640625 0.0375 0.0484375