8 0.0609375 0.47890625 0.121875 0.1765625
8 0.14375 0.20390625 0.259375 0.1765625
8 0.13125 0.6828125 0.2375 0.1953125
8 0.23984375 0.425 0.234375 0.1703125
8 0.28828125 0.24765625 0.178125 0.134375
8 0.1890625 0.87109375 0.2703125 0.2015625
8 0.2984375 0.59375 0.1734375 0.15
8 0.31640625 0.7734375 0.1765625 0.1671875
8 0.36875 0.7046875 0.178125 0.1328125
8 0.42421875 0.50078125 0.1453125 0.1203125
8 0.3953125 0.184375 0.1625 0.121875
8 0.4296875 0.65234375 0.13125 0.103125
8 0.36484375 0.38515625 0.1453125 0.140625
8 0.41796875 0.34921875 0.140625 0.121875
8 0.4765625 0.35 0.1125 0.103125
8 0.44296875 0.2109375 0.1296875 0.0984375
8 0.515625 0.58515625 0.115625 0.1
8 0.46015625 0.47890625 0.1078125 0.1109375
8 0.4953125 0.22734375 0.1421875 0.1015625
8 0.50546875 0.32265625 0.109375 0.0828125
8 0.5390625 0.20703125 0.090625 0.08125
8 0.55859375 0.43203125 0.1203125 0.096875
9 0.6953125 0.490625 0.0671875 0.03125
9 0.73046875 0.51015625 0.0640625 0.03125
9 0.67109375 0.5609375 0.0703125 0.0359375
9 0.63203125 0.55078125 0.0828125 0.0390625
9 0.6328125 0.6015625 0.08125 0.0375
9 0.609375 0.575 0.0875 0.0359375
9 0.60703125 0.640625 0.090625 0.04375
9 0.546875 0.63828125 0.0984375 0.0453125
9 0.56953125 0.70078125 0.09375 0.0453125
9 0.16015625 0.896875 0.1171875 0.05
9 0.45390625 0.76484375 0.1234375 0.0546875
9 0.47265625 0.8234375 0.1328125 0.0546875
9 0.34453125 0.86796875 0.140625 0.0734375
9 0.3921875 0.87109375 0.121875 0.053125
9 0.40078125 0.896875 0.14375 0.059375
9 0.3890625 0.97265625 0.15625 0.0546875
9 0.21015625 0.96640625 0.1921875 0.0671875
9 0.28046875 0.98125 0.1390625 0.0375
9 0.51171875 0.70234375 0.1203125 0.0515625