9 0.58515625 0.80625 0.0734375 0.11328125
9 0.4359375 0.57890625 0.03515625 0.05078125
9 0.47578125 0.5796875 0.0328125 0.05078125
9 0.53125 0.57734375 0.0390625 0.04609375
9 0.4796875 0.540625 0.03046875 0.0421875
9 0.51796875 0.54375 0.02421875 0.0375
9 0.5265625 0.5234375 0.028125 0.0375
9 0.503125 0.5015625 0.02265625 0.02890625
9 0.478125 0.49140625 0.02109375 0.0265625
8 0.28203125 0.73203125 0.17421875 0.14453125
8 0.39765625 0.54375 0.06953125 0.0578125
8 0.44140625 0.4703125 0.034375 0.03125
8 0.2234375 0.51171875 0.0609375 0.04296875
8 0.32578125 0.46640625 0.03125 0.02734375