9 0.92578125 0.94921875 0.11875 0.1015625
9 0.803125 0.72421875 0.0921875 0.1140625
9 0.5828125 0.525 0.0515625 0.07265625
9 0.63046875 0.49296875 0.05078125 0.0671875
9 0.55625 0.47890625 0.053125 0.06484375
9 0.5421875 0.409375 0.0359375 0.04296875
9 0.50390625 0.4109375 0.03515625 0.04375
9 0.4984375 0.3703125 0.021875 0.025
9 0.51484375 0.37109375 0.01796875 0.02890625
9 0.540625 0.36640625 0.021875 0.028125
9 0.128125 0.42578125 0.04921875 0.05078125
9 0.03671875 0.4609375 0.0515625 0.05859375
8 0.375 0.50859375 0.1078125 0.0890625
8 0.4296875 0.4125 0.078125 0.06953125
8 0.63125 0.7578125 0.2328125 0.22265625
8 0.18125 0.85546875 0.32734375 0.28828125
8 0.48671875 0.33203125 0.0296875 0.0296875
3 0.43984375 0.3484375 0.04765625 0.0546875