9 0.26484375 0.07890625 0.0578125 0.0515625
9 0.30546875 0.1578125 0.0484375 0.0375
9 0.32109375 0.1359375 0.0453125 0.0375
9 0.30078125 0.48828125 0.065625 0.05
9 0.32109375 0.440625 0.0671875 0.04375
9 0.39765625 0.55234375 0.046875 0.0375
9 0.41015625 0.43828125 0.0375 0.03125
9 0.4328125 0.46328125 0.028125 0.01875
9 0.43984375 0.496875 0.028125 0.0203125
9 0.44453125 0.5203125 0.03125 0.021875
9 0.453125 0.440625 0.0203125 0.015625
9 0.4578125 0.46640625 0.0203125 0.015625
9 0.4609375 0.4921875 0.025 0.01875
9 0.4640625 0.5046875 0.021875 0.0171875
9 0.475 0.51640625 0.01875 0.0125
9 0.0984375 0.52578125 0.1453125 0.10625
8 0.48984375 0.4703125 0.0203125 0.028125