9 0.5515625 0.51875 0.0671875 0.1234375
9 0.51640625 0.4640625 0.053125 0.1171875
9 0.38671875 0.4578125 0.0703125 0.1390625
9 0.3265625 0.5671875 0.08125 0.1703125
9 0.61640625 0.45546875 0.0515625 0.1078125
9 0.65703125 0.43203125 0.0421875 0.0828125
9 0.73046875 0.45390625 0.0390625 0.08125
9 0.490625 0.4171875 0.0484375 0.096875
9 0.47109375 0.38203125 0.034375 0.0828125
9 0.5734375 0.90234375 0.125 0.1953125
9 0.3203125 0.8140625 0.1234375 0.2796875
9 0.50546875 0.76875 0.1078125 0.234375
9 0.55390625 0.696875 0.075 0.1921875
9 0.60078125 0.759375 0.115625 0.25
9 0.6890625 0.79921875 0.1109375 0.2375
9 0.784375 0.84140625 0.0890625 0.2015625
9 0.6578125 0.58125 0.071875 0.153125
9 0.70078125 0.66796875 0.0765625 0.153125
9 0.728125 0.56875 0.0546875 0.1265625
8 0.3703125 0.36796875 0.09375 0.1078125
8 0.7984375 0.4015625 0.065625 0.0828125
8 0.70859375 0.3265625 0.0453125 0.0546875