3 0.53671875 0.6515625 0.390625 0.34921875
8 0.47265625 0.46015625 0.12265625 0.06015625
8 0.49140625 0.37421875 0.07265625 0.04296875
8 0.45703125 0.33046875 0.05625 0.040625
8 0.478125 0.28125 0.05234375 0.02578125
8 0.1953125 0.37890625 0.09609375 0.05546875
9 0.68359375 0.40234375 0.0328125 0.04453125
10 0.5484375 0.28984375 0.03125 0.02421875
9 0.5671875 0.2796875 0.00859375 0.01171875
9 0.55078125 0.27578125 0.009375 0.01015625
9 0.54296875 0.2734375 0.009375 0.01328125
9 0.53671875 0.2703125 0.0078125 0.0140625
9 0.52734375 0.26015625 0.01015625 0.01171875
9 0.5 0.26796875 0.009375 0.01171875
9 0.50234375 0.25390625 0.00703125 0.01015625
9 0.52265625 0.25390625 0.0078125 0.01015625
9 0.5625 0.25234375 0.00703125 0.0109375
8 0.48046875 0.24609375 0.0203125 0.01171875
8 0.47734375 0.2375 0.015625 0.0078125
8 0.47890625 0.23125 0.01796875 0.0125
3 0.5046875 0.234375 0.0171875 0.01640625
8 0.54140625 0.24140625 0.01953125 0.009375
8 0.52890625 0.2296875 0.01796875 0.0078125
9 0.5203125 0.24765625 0.00859375 0.01015625