8 0.38515625 0.43125 0.225 0.2703125
9 0.60234375 0.70625 0.053125 0.0390625
9 0.6578125 0.78203125 0.040625 0.0328125
9 0.81328125 0.56015625 0.0109375 0.0078125
0 0.815625 0.53828125 0.009375 0.0078125
9 0.83046875 0.5125 0.009375 0.00625
9 0.8375 0.534375 0.00625 0.0046875
9 0.8296875 0.5296875 0.00625 0.00625
3 0.8484375 0.49453125 0.0171875 0.01875
8 0.84296875 0.5421875 0.009375 0.0140625
8 0.8234375 0.565625 0.0109375 0.015625
8 0.828125 0.5578125 0.0078125 0.01875
9 0.7828125 0.10859375 0.0375 0.0375
9 0.7765625 0.23125 0.0359375 0.0265625
9 0.79453125 0.171875 0.028125 0.0171875
9 0.80234375 0.1546875 0.0296875 0.0171875