9 0.3546875 0.8484375 0.04453125 0.1453125
9 0.90703125 0.846875 0.06328125 0.13515625
9 0.82421875 0.7609375 0.0390625 0.125
9 0.6453125 0.7390625 0.03828125 0.11015625
9 0.50703125 0.6578125 0.034375 0.06796875
9 0.55390625 0.62890625 0.025 0.0953125
9 0.47734375 0.58203125 0.02890625 0.075
9 0.346875 0.54921875 0.0234375 0.08203125
9 0.2953125 0.5234375 0.01953125 0.0796875
9 0.2046875 0.515625 0.02734375 0.0671875
9 0.2328125 0.484375 0.02734375 0.0640625
9 0.2703125 0.459375 0.01875 0.0765625
9 0.2234375 0.45390625 0.0203125 0.065625
9 0.19140625 0.43515625 0.025 0.06328125
9 0.1828125 0.4078125 0.02578125 0.0546875
9 0.14296875 0.396875 0.028125 0.05859375
9 0.08828125 0.41796875 0.01640625 0.07265625
9 0.0640625 0.3578125 0.02265625 0.0609375
9 0.80546875 0.63359375 0.02265625 0.090625
9 0.83671875 0.62421875 0.0203125 0.09765625
0 0.89296875 0.6140625 0.028125 0.10390625
8 0.52265625 0.8 0.2125 0.16484375
8 0.2640625 0.72421875 0.13984375 0.115625
8 0.2375 0.59765625 0.1140625 0.115625