9 0.5296875 0.4390625 0.0375 0.0234375
9 0.55859375 0.45 0.03125 0.021875
9 0.56015625 0.49921875 0.03125 0.01875
9 0.58125 0.48984375 0.0296875 0.01875
9 0.6046875 0.5078125 0.01875 0.015625
9 0.6046875 0.5296875 0.0203125 0.0125
9 0.61015625 0.54140625 0.01875 0.00625
9 0.6125 0.5515625 0.015625 0.0109375
9 0.61171875 0.56640625 0.0171875 0.009375
9 0.62734375 0.5765625 0.0171875 0.0078125
9 0.61875 0.53046875 0.0125 0.0125
9 0.63828125 0.56015625 0.0125 0.00625
9 0.646875 0.5578125 0.0125 0.003125
9 0.64609375 0.5640625 0.0125 0.00625
9 0.64609375 0.5734375 0.009375 0.00625
8 0.49921875 0.47421875 0.0515625 0.075
8 0.50859375 0.5734375 0.0609375 0.078125
8 0.58828125 0.3921875 0.03125 0.04375
8 0.5953125 0.5421875 0.01875 0.03125
8 0.60703125 0.5890625 0.01875 0.0296875
8 0.6234375 0.59140625 0.0140625 0.021875
8 0.63359375 0.58984375 0.009375 0.021875
8 0.634375 0.52578125 0.0140625 0.021875
8 0.6203125 0.5046875 0.015625 0.021875
8 0.640625 0.53671875 0.009375 0.01875
8 0.64609375 0.54140625 0.0109375 0.01875
8 0.64453125 0.58984375 0.015625 0.01875
8 0.6515625 0.5828125 0.009375 0.0125
3 0.56640625 0.5765625 0.0640625 0.0609375
8 0.62265625 0.56171875 0.01875 0.01875
8 0.1578125 0.45859375 0.2640625 0.2421875
8 0.4296875 0.5890625 0.078125 0.0859375
9 0.23125 0.165625 0.1484375 0.1