9 0.08046875 0.43046875 0.03515625 0.0515625
9 0.58359375 0.44765625 0.03671875 0.046875
9 0.54296875 0.434375 0.03046875 0.040625
9 0.50078125 0.396875 0.02578125 0.0328125
9 0.4953125 0.37734375 0.0203125 0.0296875
9 0.50625 0.365625 0.0203125 0.0234375
9 0.4671875 0.346875 0.015625 0.0234375
9 0.44921875 0.334375 0.01640625 0.02265625
9 0.48671875 0.33828125 0.01328125 0.02109375
8 0.19375 0.41796875 0.08671875 0.05703125
8 0.3984375 0.37734375 0.04921875 0.03828125
8 0.40703125 0.353125 0.03828125 0.02578125
8 0.4171875 0.3390625 0.0265625 0.02890625
3 0.37890625 0.4234375 0.06953125 0.0703125
8 0.4875 0.4203125 0.0640625 0.04921875
3 0.4171875 0.321875 0.02890625 0.028125