9 0.5734375 0.68671875 0.0625 0.09765625
9 0.60078125 0.609375 0.05546875 0.06875
9 0.66875 0.5875 0.04296875 0.071875
9 0.4828125 0.584375 0.04296875 0.07421875
9 0.521875 0.534375 0.04375 0.05625
9 0.5140625 0.4546875 0.01484375 0.03125
9 0.55234375 0.44375 0.015625 0.03359375
9 0.50625 0.42734375 0.01328125 0.02421875
9 0.4875 0.3875 0.0109375 0.01875
9 0.47421875 0.3703125 0.01015625 0.01640625
9 0.4640625 0.34375 0.00546875 0.01171875
9 0.44921875 0.34609375 0.0046875 0.01015625
9 0.4546875 0.3421875 0.00390625 0.0109375
9 0.4375 0.34140625 0.00390625 0.00859375
9 0.4484375 0.3375 0.00390625 0.00703125
0 0.6234375 0.4484375 0.01875 0.03203125
8 0.43515625 0.47109375 0.06015625 0.05078125
8 0.43671875 0.41015625 0.03359375 0.02734375
8 0.46875 0.325 0.009375 0.0078125
8 0.48359375 0.340625 0.02109375 0.0140625