8 0.39140625 0.66328125 0.2375 0.21875
1 0.93238090625 0.7518118265625 0.9404338078125001 0.7422877765625 0.9486171828125001 0.6897612546875 0.9430363734375 0.6828873296875 0.9378624312499999 0.6417118046875 0.9444681296875 0.610184634375 0.7129840296875 0.46019184375 0.6964962515625001 0.45543801874999995 0.66848348125 0.45690378750000005 0.559264725 0.477337890625 0.5496993828125001 0.48636005625 0.5394507796875 0.5209829515625 0.5456899546875 0.5603596734375 0.605286865625 0.6777065390625 0.616659640625 0.7216564953125 0.6393027609375 0.7435189078125 0.6719770281249999 0.8024292125000001 0.8570756109375001 0.7720208000000001 0.903430228125 0.763010375 0.93238090625 0.7518118265625
9 0.89921875 0.5515625 0.084375 0.1015625
9 0.6875 0.4328125 0.053125 0.059375
9 0.54765625 0.3828125 0.025 0.0375
9 0.56015625 0.3625 0.0171875 0.0296875
9 0.609375 0.353125 0.0328125 0.0328125
9 0.56484375 0.33984375 0.0265625 0.0265625
8 0.4953125 0.34765625 0.0734375 0.046875
8 0.38515625 0.4328125 0.1 0.075
3 0.38046875 0.34609375 0.06875 0.0671875
3 0.45078125 0.30546875 0.0671875 0.0578125
9 0.48828125 0.29921875 0.0171875 0.0234375
8 0.3859375 0.3140625 0.0453125 0.0234375
8 0.39453125 0.30234375 0.0359375 0.0203125
8 0.3765625 0.29453125 0.03125 0.0203125
8 0.375 0.2796875 0.0296875 0.0171875
10 0.42578125 0.2796875 0.0234375 0.01875
9 0.4453125 0.2734375 0.0078125 0.0140625
9 0.41015625 0.27421875 0.0078125 0.0109375
9 0.40234375 0.27265625 0.0078125 0.0109375
9 0.425 0.2609375 0.00625 0.009375
9 0.40390625 0.2625 0.0078125 0.0109375
9 0.3953125 0.26328125 0.00625 0.009375
9 0.41171875 0.26015625 0.0046875 0.0078125
9 0.41953125 0.26875 0.00625 0.009375
8 0.3796875 0.26015625 0.0171875 0.009375
8 0.42421875 0.25 0.0171875 0.0125
8 0.44140625 0.259375 0.0171875 0.0125
3 0.3921875 0.253125 0.0171875 0.015625
3 0.07421875 0.4890625 0.1484375 0.1375