9 0.6734375 0.35078125 0.07265625 0.084375
9 0.6171875 0.15546875 0.0265625 0.0296875
9 0.5734375 0.153125 0.0296875 0.03359375
9 0.553125 0.11796875 0.02265625 0.03203125
9 0.02109375 0.18125 0.034375 0.05
8 0.090625 0.2546875 0.15234375 0.08203125
8 0.4390625 0.2046875 0.0921875 0.04609375
8 0.57734375 0.21875 0.12265625 0.08515625
8 0.40390625 0.5296875 0.2484375 0.1984375
8 0.44296875 0.14921875 0.06796875 0.0375
8 0.4578125 0.1078125 0.0421875 0.0234375
8 0.44140625 0.09140625 0.03828125 0.01953125