9 0.73203125 0.215625 0.1109375 0.0953125
9 0.78125 0.25859375 0.1203125 0.096875
9 0.64453125 0.36171875 0.08125 0.053125
9 0.640625 0.24140625 0.0796875 0.05625
9 0.59609375 0.51640625 0.0625 0.0421875
9 0.578125 0.47890625 0.05625 0.034375
9 0.5421875 0.4625 0.053125 0.0296875
9 0.565625 0.8703125 0.053125 0.0421875
9 0.5171875 0.85703125 0.0390625 0.025
9 0.50703125 0.51875 0.0328125 0.028125
9 0.49140625 0.55625 0.03125 0.028125
8 0.85 0.32265625 0.2359375 0.24375
8 0.67734375 0.6203125 0.121875 0.125
8 0.55078125 0.6234375 0.065625 0.0703125
8 0.53359375 0.5265625 0.053125 0.0734375
7 0.4921875 0.6171875 0.0640625 0.0640625
8 0.4625 0.578125 0.03125 0.0328125
8 0.440625 0.61640625 0.0296875 0.0296875