9 0.2390625 0.75390625 0.125 0.078125
9 0.37421875 0.7484375 0.1171875 0.0828125
9 0.45546875 0.49296875 0.0671875 0.0515625
9 0.50390625 0.52109375 0.0515625 0.028125
9 0.53984375 0.4796875 0.04375 0.0265625
9 0.584375 0.44296875 0.025 0.01875
9 0.55703125 0.3484375 0.0296875 0.0140625
9 0.56328125 0.309375 0.0265625 0.0203125
9 0.5828125 0.29609375 0.021875 0.01875
9 0.59375 0.41640625 0.0265625 0.0140625
9 0.60234375 0.421875 0.025 0.0140625
9 0.6328125 0.3671875 0.0140625 0.0109375
9 0.6375 0.33359375 0.0109375 0.009375
9 0.6375 0.3734375 0.0140625 0.0078125
9 0.64375 0.36015625 0.009375 0.00625
9 0.6421875 0.3515625 0.0109375 0.0078125
3 0.596875 0.3734375 0.0546875 0.0546875
8 0.50859375 0.328125 0.06875 0.0796875
8 0.59453125 0.31953125 0.025 0.034375
8 0.6265625 0.31875 0.01875 0.0234375
8 0.6484375 0.31640625 0.009375 0.0125
2 0.64921875 0.33984375 0.01875 0.0171875