9 0.52578125 0.38125 0.08125 0.0984375
9 0.5953125 0.165625 0.0375 0.0421875
9 0.6390625 0.14453125 0.0359375 0.0359375
9 0.5859375 0.128125 0.034375 0.0421875
9 0.56484375 0.0953125 0.0234375 0.028125
9 0.59296875 0.10703125 0.021875 0.021875
9 0.62109375 0.11015625 0.0203125 0.028125
9 0.6125 0.10390625 0.0171875 0.0234375
9 0.58203125 0.09453125 0.021875 0.025
8 0.52265625 0.065625 0.0359375 0.0296875
8 0.55859375 0.071875 0.03125 0.025
8 0.55546875 0.0609375 0.03125 0.0265625
8 0.09296875 0.25390625 0.128125 0.1421875