9 0.4609375 0.634375 0.0703125 0.096875
9 0.31640625 0.55859375 0.0578125 0.0765625
9 0.59296875 0.50390625 0.065625 0.0640625
9 0.528125 0.47421875 0.046875 0.0578125
9 0.303125 0.47578125 0.053125 0.05625
9 0.4984375 0.4296875 0.0359375 0.0453125
9 0.47421875 0.41640625 0.0234375 0.0359375
9 0.3890625 0.3609375 0.025 0.028125
9 0.34765625 0.34296875 0.01875 0.0203125
9 0.36328125 0.3421875 0.015625 0.0203125
8 0.32109375 0.44140625 0.0671875 0.0515625
8 0.325 0.3671875 0.0421875 0.0296875
7 0.4203125 0.4375 0.1125 0.1125