8 0.378125 0.60859375 0.159375 0.1078125
8 0.25625 0.49609375 0.08125 0.0484375
8 0.3171875 0.359375 0.0203125 0.01015625
8 0.303125 0.35390625 0.01171875 0.00703125
8 0.2890625 0.34296875 0.0140625 0.0046875
3 0.2953125 0.4203125 0.07265625 0.05546875
3 0.29140625 0.378125 0.0328125 0.02578125
3 0.25625 0.36875 0.02578125 0.01953125
3 0.24765625 0.35234375 0.01953125 0.01640625
9 0.54921875 0.59453125 0.03984375 0.05703125
9 0.65859375 0.584375 0.03359375 0.04609375
9 0.56484375 0.55625 0.03671875 0.03828125
9 0.43046875 0.484375 0.028125 0.02890625
9 0.3609375 0.4421875 0.021875 0.02578125
9 0.3984375 0.4390625 0.0171875 0.02109375
9 0.35078125 0.40546875 0.0109375 0.02109375
9 0.315625 0.38671875 0.01015625 0.0109375
9 0.321875 0.37890625 0.00703125 0.0078125
9 0.3390625 0.375 0.009375 0.01015625
9 0.31953125 0.371875 0.0078125 0.00859375
9 0.2359375 0.37734375 0.00625 0.0140625
9 0.28203125 0.36171875 0.00546875 0.0078125
9 0.29765625 0.36328125 0.00703125 0.0078125
9 0.2828125 0.353125 0.009375 0.00703125
9 0.271875 0.36171875 0.00546875 0.00859375
9 0.26796875 0.35234375 0.0078125 0.0078125
9 0.26875 0.34140625 0.00703125 0.00625
9 0.278125 0.34765625 0.00625 0.00703125