9 0.3984375 0.50625 0.02578125 0.0375
9 0.440625 0.5203125 0.025 0.0390625
9 0.43359375 0.4984375 0.02734375 0.03828125
9 0.47734375 0.49453125 0.02421875 0.0390625
9 0.503125 0.4609375 0.01953125 0.0234375
9 0.47734375 0.4640625 0.01953125 0.0234375
9 0.4921875 0.44609375 0.015625 0.0265625
8 0.36328125 0.46328125 0.04609375 0.0359375
8 0.56484375 0.4859375 0.053125 0.04765625
8 0.5265625 0.44765625 0.02890625 0.02421875
8 0.56875 0.44609375 0.0296875 0.02265625
8 0.53125 0.43359375 0.02578125 0.02109375
8 0.45625 0.5515625 0.09453125 0.0765625
8 0.52109375 0.76640625 0.1828125 0.23046875