9 0.12109375 0.92265625 0.0703125 0.1546875
9 0.24140625 0.8546875 0.046875 0.1390625
9 0.22421875 0.80234375 0.03828125 0.121875
9 0.18046875 0.7921875 0.04375 0.12421875
9 0.22890625 0.67265625 0.02578125 0.09296875
9 0.2515625 0.70390625 0.0296875 0.09296875
9 0.30625 0.77578125 0.0296875 0.1015625
9 0.340625 0.77890625 0.0328125 0.11640625
9 0.30390625 0.69609375 0.0296875 0.08984375
9 0.375 0.70625 0.0328125 0.0921875
9 0.3453125 0.6171875 0.02265625 0.06953125
9 0.3234375 0.56796875 0.02265625 0.06328125
9 0.28515625 0.58046875 0.025 0.06640625
9 0.4640625 0.7 0.03203125 0.1
9 0.43828125 0.66875 0.0203125 0.084375
9 0.40234375 0.6296875 0.02421875 0.07421875
9 0.45859375 0.6296875 0.0203125 0.08203125
9 0.5046875 0.690625 0.02578125 0.10703125
9 0.5453125 0.678125 0.03046875 0.0875
9 0.503125 0.60703125 0.0265625 0.06640625
9 0.6546875 0.65859375 0.05546875 0.07734375
9 0.60546875 0.5171875 0.01875 0.06796875
8 0.45 0.853125 0.0953125 0.21953125
8 0.34453125 0.52578125 0.03359375 0.05390625
8 0.375 0.4828125 0.03046875 0.05234375
8 0.4609375 0.52109375 0.03515625 0.059375
8 0.5328125 0.55 0.04140625 0.06640625
8 0.58203125 0.625 0.05234375 0.090625
8 0.746875 0.67890625 0.121875 0.146875
8 0.89921875 0.628125 0.075 0.084375
9 0.8328125 0.6015625 0.0265625 0.06796875