8 0.93125 0.671875 0.096875 0.0921875
8 0.9625 0.46640625 0.075 0.0890625
8 0.88828125 0.48203125 0.075 0.078125
8 0.8828125 0.58984375 0.06875 0.0734375
8 0.8390625 0.5796875 0.05 0.0640625
8 0.81171875 0.58046875 0.0421875 0.0671875
8 0.78359375 0.66953125 0.065625 0.05
8 0.70546875 0.63515625 0.0390625 0.034375
8 0.63515625 0.61953125 0.01875 0.015625
8 0.62890625 0.6125 0.015625 0.0140625
8 0.628125 0.578125 0.015625 0.0125
8 0.646875 0.56796875 0.0171875 0.0140625
8 0.69375 0.54921875 0.0265625 0.0203125
8 0.6765625 0.55625 0.01875 0.0171875
9 0.6796875 0.59765625 0.0265625 0.0140625
9 0.68359375 0.5578125 0.0234375 0.0109375
1 0.6515625 0.5921875 0.034375 0.025
3 0.625 0.59453125 0.0203125 0.015625
3 0.66796875 0.5546875 0.0328125 0.021875