9 0.90546875 0.89765625 0.159375 0.1796875
9 0.72421875 0.58125 0.0859375 0.0890625
9 0.72578125 0.49296875 0.0546875 0.0640625
9 0.81875 0.4921875 0.05546875 0.06328125
9 0.6453125 0.45546875 0.04921875 0.0578125
9 0.74453125 0.4296875 0.0578125 0.046875
9 0.66953125 0.36796875 0.03203125 0.0328125
9 0.6546875 0.34765625 0.0265625 0.02734375
9 0.21640625 0.3578125 0.0328125 0.03359375
8 0.54765625 0.64609375 0.2 0.1390625
8 0.51796875 0.3703125 0.06640625 0.03828125
7 0.603125 0.33515625 0.065625 0.053125
7 0.5234375 0.3296875 0.0515625 0.0390625
7 0.52109375 0.27890625 0.02578125 0.02578125