9 0.6984375 0.6359375 0.0984375 0.0703125
9 0.52578125 0.5234375 0.0390625 0.0234375
9 0.5203125 0.55078125 0.034375 0.0265625
9 0.44140625 0.49296875 0.0171875 0.0109375
9 0.43984375 0.5015625 0.0140625 0.009375
8 0.5328125 0.44765625 0.0609375 0.071875
8 0.5 0.6421875 0.0375 0.0484375
8 0.48359375 0.440625 0.040625 0.0484375
8 0.47578125 0.50390625 0.059375 0.059375
8 0.44453125 0.44765625 0.021875 0.0296875
8 0.434375 0.47578125 0.021875 0.025
8 0.453125 0.53203125 0.021875 0.028125
8 0.43359375 0.51171875 0.01875 0.025