9 0.46328125 0.6359375 0.04140625 0.06875
9 0.53203125 0.60390625 0.0453125 0.0625
9 0.5953125 0.90234375 0.0953125 0.14921875
9 0.4578125 0.50625 0.02421875 0.0390625
9 0.525 0.51875 0.0359375 0.04453125
9 0.521875 0.49296875 0.028125 0.0328125
9 0.484375 0.5109375 0.021875 0.03359375
9 0.48828125 0.49140625 0.02109375 0.02734375
9 0.50234375 0.46796875 0.02109375 0.02265625
8 0.38671875 0.5625 0.08203125 0.06171875
8 0.4234375 0.4921875 0.04921875 0.0421875
8 0.4484375 0.4484375 0.02578125 0.02734375
8 0.19453125 0.525 0.065625 0.0515625