3 0.56171875 0.70390625 0.12265625 0.25546875
3 0.51640625 0.33515625 0.04296875 0.078125
3 0.46015625 0.2890625 0.03203125 0.06875
2 0.51171875 0.2640625 0.03515625 0.0515625
8 0.5609375 0.29921875 0.02734375 0.0453125
2 0.5046875 0.2046875 0.01796875 0.03203125
8 0.5234375 0.190625 0.01171875 0.0203125
2 0.5046875 0.171875 0.01484375 0.0265625
9 0.40546875 0.32421875 0.02109375 0.04765625
9 0.3828125 0.3859375 0.01640625 0.06484375
9 0.34453125 0.809375 0.04609375 0.146875
9 0.259375 0.80546875 0.04609375 0.1578125