9 0.43359375 0.828125 0.0484375 0.0328125
9 0.43046875 0.571875 0.0203125 0.015625
9 0.46328125 0.54765625 0.0265625 0.0171875
9 0.49375 0.5453125 0.040625 0.028125
9 0.4890625 0.521875 0.034375 0.0296875
9 0.53203125 0.4984375 0.046875 0.0328125
9 0.621875 0.45 0.06875 0.0515625
5 0.62734375 0.37734375 0.06875 0.0515625
9 0.68203125 0.4703125 0.0828125 0.0625
9 0.71953125 0.51171875 0.096875 0.0765625
9 0.76328125 0.2453125 0.10625 0.103125
9 0.94375 0.25390625 0.1125 0.1484375
8 0.82578125 0.7203125 0.2625 0.240625
8 0.55234375 0.65078125 0.0890625 0.10625
8 0.5609375 0.53046875 0.0734375 0.096875
8 0.45 0.571875 0.0359375 0.0390625
8 0.41171875 0.6046875 0.0265625 0.03125
8 0.428125 0.6234375 0.0328125 0.0359375
8 0.45703125 0.50703125 0.065625 0.0671875
7 0.47421875 0.6203125 0.0875 0.0828125