8 0.56796875 0.55078125 0.11875 0.178125
8 0.39609375 0.52421875 0.059375 0.0765625
8 0.3359375 0.52734375 0.0234375 0.040625
8 0.3265625 0.42421875 0.0265625 0.0515625
8 0.3140625 0.4578125 0.0203125 0.034375
8 0.2984375 0.51875 0.0140625 0.025
8 0.2890625 0.515625 0.0109375 0.025
8 0.28046875 0.51640625 0.009375 0.0203125
1 0.28515625 0.47734375 0.025 0.0328125
3 0.26328125 0.48515625 0.01875 0.0234375
3 0.26875 0.51328125 0.015625 0.021875
8 0.2578125 0.50625 0.0046875 0.0125
8 0.25859375 0.4640625 0.00625 0.0125
8 0.27109375 0.44921875 0.00625 0.015625
9 0.40078125 0.3890625 0.0359375 0.0265625
9 0.353125 0.3765625 0.0265625 0.0234375
9 0.30859375 0.4171875 0.0140625 0.0171875
9 0.29453125 0.428125 0.0140625 0.00625
9 0.3015625 0.453125 0.00625 0.00625
9 0.29609375 0.44609375 0.009375 0.00625
9 0.2890625 0.440625 0.009375 0.0078125