9 0.909375 0.24296875 0.18125 0.1734375
9 0.8125 0.43359375 0.175 0.1578125
9 0.55625 0.4703125 0.096875 0.0984375
9 0.58671875 0.35234375 0.096875 0.0984375
9 0.4359375 0.46328125 0.0609375 0.0640625
9 0.41015625 0.5265625 0.053125 0.05
9 0.36796875 0.56328125 0.05625 0.053125
9 0.37265625 0.47265625 0.04375 0.0484375
9 0.36796875 0.4265625 0.04375 0.0421875
9 0.3375 0.5359375 0.03125 0.034375
9 0.29375 0.63671875 0.0359375 0.0375
9 0.321875 0.51015625 0.0296875 0.03125
9 0.31796875 0.546875 0.0328125 0.0390625
8 0.5546875 0.65546875 0.146875 0.20625
8 0.2828125 0.61015625 0.025 0.04375
8 0.25546875 0.60078125 0.0375 0.0453125
8 0.6953125 0.0875 0.1265625 0.1390625