9 0.94140625 0.50390625 0.1171875 0.0546875
9 0.91328125 0.3921875 0.1171875 0.05
9 0.834375 0.55546875 0.109375 0.0453125
9 0.79140625 0.44296875 0.1 0.034375
9 0.7640625 0.3921875 0.0796875 0.0265625
9 0.7078125 0.37421875 0.0671875 0.025
9 0.68515625 0.4046875 0.0640625 0.0234375
9 0.7078125 0.4484375 0.0734375 0.0265625
9 0.6125 0.39296875 0.0375 0.0109375
9 0.596875 0.37421875 0.0375 0.0125
9 0.58125 0.403125 0.0328125 0.0125
9 0.56953125 0.43046875 0.0375 0.0125
9 0.5390625 0.428125 0.0234375 0.0109375
9 0.559375 0.39375 0.0296875 0.0125
9 0.5328125 0.39375 0.0203125 0.0109375
9 0.55390625 0.4 0.0234375 0.0109375
9 0.52734375 0.40390625 0.0203125 0.0078125
9 0.51953125 0.4109375 0.021875 0.0078125
9 0.51640625 0.42109375 0.021875 0.0078125
9 0.5125 0.43125 0.0203125 0.0078125
9 0.49453125 0.40859375 0.015625 0.00625
9 0.49296875 0.39453125 0.015625 0.0046875
9 0.48671875 0.41640625 0.015625 0.0046875
9 0.4796875 0.409375 0.0125 0.0046875
9 0.471875 0.40390625 0.0125 0.0046875
9 0.4703125 0.4125 0.0109375 0.0046875
9 0.4640625 0.42109375 0.0125 0.003125
9 0.4671875 0.4171875 0.0125 0.0046875
8 0.4703125 0.39140625 0.0140625 0.0109375
8 0.4640625 0.3953125 0.0109375 0.0109375
8 0.45390625 0.4125 0.009375 0.0078125
3 0.575 0.47578125 0.0984375 0.05625
8 0.50546875 0.44453125 0.0234375 0.0203125
8 0.48359375 0.43828125 0.0203125 0.015625