9 0.3078125 0.96484375 0.096875 0.0703125
9 0.26875 0.79609375 0.0859375 0.1359375
9 0.43515625 0.64375 0.05703125 0.084375
9 0.49453125 0.54140625 0.03515625 0.05859375
9 0.50078125 0.50234375 0.0296875 0.0484375
9 0.44921875 0.51640625 0.03671875 0.0484375
9 0.459375 0.47421875 0.02734375 0.03671875
9 0.49375 0.44296875 0.02421875 0.0328125
9 0.521875 0.4109375 0.01875 0.02734375
8 0.38671875 0.4296875 0.04453125 0.03046875
8 0.5828125 0.41171875 0.03515625 0.0234375
8 0.54921875 0.390625 0.0375 0.03203125
8 0.59453125 0.396875 0.02578125 0.021875
8 0.5890625 0.378125 0.02109375 0.0171875
8 0.56640625 0.37265625 0.01796875 0.01640625
9 0.4546875 0.4359375 0.0203125 0.02578125