9 0.76328125 0.75625 0.0859375 0.10390625
9 0.715625 0.8015625 0.08828125 0.1125
9 0.625 0.65625 0.046875 0.07890625
9 0.7453125 0.6625 0.04921875 0.07578125
9 0.475 0.59453125 0.0375 0.06015625
9 0.5140625 0.5796875 0.0296875 0.05234375
9 0.53359375 0.5453125 0.02578125 0.0515625
9 0.12578125 0.5328125 0.03671875 0.04921875
9 0.14296875 0.4859375 0.02265625 0.0375
9 0.48046875 0.50546875 0.025 0.03125
9 0.44453125 0.48671875 0.02578125 0.0296875
8 0.64609375 0.8640625 0.225 0.2171875
8 0.36484375 0.66640625 0.115625 0.1125
8 0.37265625 0.53984375 0.065625 0.05859375
8 0.4703125 0.53125 0.0703125 0.04765625
7 0.38359375 0.48203125 0.05859375 0.059375
8 0.42578125 0.45625 0.03125 0.02890625
8 0.3890625 0.43046875 0.02734375 0.0265625