0 0.58359375 0.65859375 0.0375 0.0296875
9 0.5984375 0.55 0.0328125 0.0203125
9 0.61484375 0.565625 0.025 0.01875
9 0.6140625 0.45234375 0.025 0.015625
10 0.6515625 0.51328125 0.015625 0.0109375
9 0.6640625 0.49453125 0.0109375 0.0078125
9 0.66796875 0.48359375 0.0109375 0.0078125
8 0.6625 0.459375 0.0140625 0.0171875
8 0.66875 0.50625 0.0109375 0.0125
8 0.67265625 0.5 0.0078125 0.0140625
3 0.6765625 0.45 0.0140625 0.015625
8 0.68203125 0.46640625 0.0109375 0.0109375
8 0.5375 0.22109375 0.0515625 0.075
9 0.3921875 0.02890625 0.0984375 0.05