8 0.44140625 0.6203125 0.25390625 0.203125
9 0.696875 0.3796875 0.03359375 0.05
9 0.7671875 0.31796875 0.0296875 0.03671875
9 0.5328125 0.1828125 0.00625 0.0109375
0 0.5109375 0.18203125 0.00546875 0.009375
9 0.48359375 0.16953125 0.0046875 0.01015625
9 0.5046875 0.1609375 0.0046875 0.00703125
9 0.50078125 0.16875 0.00546875 0.00546875
3 0.4640625 0.153125 0.0171875 0.01640625
8 0.5125 0.1546875 0.0140625 0.0078125
8 0.5375 0.171875 0.01640625 0.009375
8 0.52890625 0.16796875 0.01875 0.00703125
9 0.08515625 0.25234375 0.03359375 0.03515625
9 0.2078125 0.24765625 0.0234375 0.03515625
9 0.14765625 0.23515625 0.015625 0.0265625
9 0.1296875 0.22890625 0.0140625 0.02890625