9 0.08203125 0.86875 0.1640625 0.175
9 0.39921875 0.71640625 0.096875 0.09375
9 0.4875 0.72578125 0.06875 0.059375
9 0.4796875 0.81796875 0.0671875 0.0609375
9 0.53203125 0.6484375 0.0625 0.0546875
9 0.5484375 0.75 0.0515625 0.0609375
9 0.61640625 0.68046875 0.0359375 0.034375
9 0.63828125 0.6671875 0.0296875 0.0296875
9 0.66640625 0.2296875 0.0375 0.0359375
8 0.35 0.534375 0.15625 0.2109375
8 0.62734375 0.52890625 0.04375 0.06875
7 0.65546875 0.6171875 0.059375 0.0703125
7 0.66796875 0.53828125 0.04375 0.0546875
7 0.71875 0.540625 0.0265625 0.0265625