9 0.56484375 0.39921875 0.04765625 0.0625
9 0.70390625 0.37109375 0.04453125 0.0484375
9 0.62421875 0.33671875 0.04296875 0.0390625
9 0.6859375 0.3296875 0.03515625 0.04140625
9 0.61484375 0.315625 0.03671875 0.034375
9 0.59921875 0.26875 0.0265625 0.028125
9 0.546875 0.26171875 0.02890625 0.0296875
9 0.57265625 0.24765625 0.0203125 0.025
9 0.0828125 0.31640625 0.0359375 0.03125
8 0.4640625 0.43515625 0.14296875 0.10546875
8 0.0984375 0.35234375 0.1375 0.065625
8 0.215625 0.29765625 0.0765625 0.05390625
8 0.4890625 0.2359375 0.03828125 0.025
8 0.4828125 0.21875 0.03828125 0.0203125
7 0.5296875 0.20859375 0.0359375 0.0296875
7 0.490625 0.20703125 0.0296875 0.025