9 0.55234375 0.81328125 0.084375 0.1203125
9 0.428125 0.571875 0.0390625 0.053125
9 0.46796875 0.5765625 0.0375 0.053125
9 0.52265625 0.58046875 0.04375 0.05
9 0.47578125 0.53828125 0.0359375 0.0453125
9 0.51328125 0.5453125 0.028125 0.040625
9 0.52421875 0.52578125 0.03125 0.040625
9 0.503125 0.5015625 0.025 0.0296875
9 0.47890625 0.4890625 0.025 0.028125
8 0.25859375 0.7078125 0.1890625 0.1609375
8 0.39375 0.5328125 0.075 0.0640625
8 0.44453125 0.4640625 0.0375 0.034375
8 0.2234375 0.4828125 0.065625 0.05
8 0.33046875 0.4484375 0.034375 0.03125