9 0.8703125 0.10625 0.1578125 0.115625
9 0.76640625 0.40546875 0.196875 0.103125
9 0.6484375 0.11171875 0.1859375 0.0921875
9 0.59140625 0.27109375 0.1546875 0.090625
9 0.52734375 0.19453125 0.1421875 0.0765625
9 0.40703125 0.0640625 0.1171875 0.0609375
9 0.4078125 0.50390625 0.0984375 0.0546875
9 0.41796875 0.43671875 0.1 0.0421875
9 0.39296875 0.35625 0.0765625 0.0453125
9 0.34375 0.33515625 0.084375 0.0421875
9 0.3296875 0.29375 0.075 0.0390625
9 0.34296875 0.54765625 0.071875 0.040625
9 0.340625 0.58515625 0.0796875 0.0421875
9 0.325 0.490625 0.078125 0.0328125
9 0.30078125 0.43671875 0.0671875 0.0375
9 0.52265625 0.89140625 0.1078125 0.05625
9 0.3265625 0.89609375 0.0703125 0.059375
9 0.30078125 0.634375 0.0625 0.0359375
9 0.25859375 0.48359375 0.059375 0.028125
9 0.24296875 0.4984375 0.0515625 0.0265625
9 0.21953125 0.53046875 0.0421875 0.021875
8 0.2671875 0.81953125 0.059375 0.0515625
8 0.275 0.76484375 0.0578125 0.046875
8 0.4015625 0.61796875 0.1140625 0.1109375
8 0.54296875 0.52734375 0.14375 0.1328125
8 0.47265625 0.3546875 0.1484375 0.1375
8 0.65 0.3625 0.196875 0.18125
8 0.68125 0.79453125 0.171875 0.15625
8 0.803125 0.61328125 0.2765625 0.225
7 0.4015625 0.71171875 0.1640625 0.1078125
7 0.5546875 0.74609375 0.221875 0.15
7 0.30078125 0.5484375 0.125 0.0828125
7 0.25 0.58671875 0.1015625 0.06875
8 0.28203125 0.40625 0.0828125 0.0671875
8 0.4421875 0.8375 0.10625 0.0828125