9 0.13125 0.68828125 0.1984375 0.1
9 0.246875 0.7265625 0.2265625 0.103125
9 0.096875 0.47265625 0.19375 0.1015625
9 0.23515625 0.42421875 0.2 0.0921875
9 0.33828125 0.41015625 0.1515625 0.071875
9 0.36328125 0.45625 0.1625 0.0796875
9 0.42421875 0.51640625 0.1578125 0.075
9 0.396875 0.59140625 0.1734375 0.0859375
9 0.3890625 0.2671875 0.1625 0.0796875
9 0.48984375 0.39140625 0.13125 0.0578125
9 0.48046875 0.434375 0.13125 0.0578125
9 0.5875 0.3453125 0.1171875 0.0515625
9 0.5953125 0.371875 0.1 0.04375
9 0.54921875 0.50625 0.125 0.05625
9 0.58046875 0.53125 0.121875 0.053125
9 0.621875 0.58515625 0.1125 0.0515625
9 0.56875 0.4625 0.121875 0.0546875
9 0.58828125 0.421875 0.1109375 0.0484375
9 0.62109375 0.3859375 0.1 0.046875
9 0.66796875 0.409375 0.0953125 0.0421875
9 0.67890625 0.5484375 0.1015625 0.0453125
9 0.696875 0.5703125 0.09375 0.04375
9 0.79140625 0.5421875 0.08125 0.0390625
9 0.74453125 0.4890625 0.0796875 0.04375
9 0.67421875 0.48828125 0.0921875 0.0375
9 0.66640625 0.50703125 0.0859375 0.0359375
9 0.640625 0.53828125 0.1078125 0.046875
9 0.7 0.44609375 0.0953125 0.0484375
8 0.59609375 0.6453125 0.1546875 0.109375
8 0.73203125 0.6734375 0.1328125 0.090625
4 0.73984375 0.3546875 0.1828125 0.1203125