9 0.47265625 0.63828125 0.0453125 0.071875
9 0.5390625 0.6015625 0.05 0.065625
9 0.6234375 0.89453125 0.10625 0.15625
9 0.45859375 0.509375 0.028125 0.040625
9 0.5265625 0.5171875 0.0390625 0.046875
9 0.52109375 0.49140625 0.0296875 0.034375
9 0.48515625 0.51171875 0.025 0.0359375
9 0.4875 0.4921875 0.0234375 0.0296875
9 0.5 0.46796875 0.0234375 0.0234375
8 0.39140625 0.5703125 0.0859375 0.06875
8 0.4234375 0.49765625 0.053125 0.0453125
8 0.4453125 0.45234375 0.0265625 0.0296875
8 0.196875 0.54609375 0.06875 0.05625