9 0.8859375 0.2015625 0.1765625 0.1578125
9 0.80390625 0.40078125 0.1625 0.1421875
9 0.55234375 0.4640625 0.0890625 0.090625
9 0.57109375 0.34375 0.0890625 0.090625
9 0.4328125 0.46953125 0.05625 0.059375
9 0.41328125 0.5359375 0.0484375 0.046875
9 0.37578125 0.5765625 0.0515625 0.0484375
9 0.37109375 0.4859375 0.0390625 0.0453125
9 0.3609375 0.44140625 0.040625 0.0375
9 0.3421875 0.553125 0.028125 0.0328125
9 0.309375 0.6578125 0.0328125 0.034375
9 0.32421875 0.528125 0.0265625 0.0296875
9 0.3234375 0.565625 0.0296875 0.0359375
8 0.5703125 0.64921875 0.128125 0.196875
8 0.29609375 0.6328125 0.0203125 0.0421875
8 0.2671875 0.62578125 0.0328125 0.0421875
8 0.65078125 0.06875 0.115625 0.1296875