1 0.6546875 0.81953125 0.48203125 0.3609375
8 0.1625 0.37890625 0.103125 0.0828125
8 0.31640625 0.265625 0.0765625 0.046875
8 0.225 0.20859375 0.04296875 0.03125
8 0.3421875 0.20234375 0.0375 0.03125
8 0.23046875 0.1734375 0.02890625 0.01875
8 0.3453125 0.1671875 0.02578125 0.01640625
8 0.32890625 0.15625 0.0203125 0.01015625
8 0.27265625 0.146875 0.02265625 0.01640625
8 0.2609375 0.13203125 0.021875 0.00859375
8 0.30859375 0.1359375 0.0171875 0.0125
3 0.26796875 0.1203125 0.01796875 0.01796875
3 0.33046875 0.1453125 0.021875 0.01640625