9 0.11796875 0.21796875 0.2296875 0.090625
9 0.30078125 0.3203125 0.175 0.0703125
9 0.321875 0.4 0.1703125 0.0703125
9 0.34765625 0.27734375 0.1515625 0.059375
9 0.47734375 0.325 0.121875 0.046875
9 0.4140625 0.3671875 0.1390625 0.0578125
9 0.58828125 0.38515625 0.09375 0.0375
9 0.5953125 0.328125 0.096875 0.0390625
9 0.63359375 0.340625 0.0828125 0.0296875
9 0.671875 0.3546875 0.0703125 0.028125
8 0.59609375 0.56796875 0.1328125 0.1140625
7 0.2875 0.83203125 0.515625 0.3359375
7 0.6765625 0.75234375 0.284375 0.21875
7 0.63828125 0.93203125 0.3421875 0.1359375
7 0.7625 0.6328125 0.1578125 0.13125
7 0.79296875 0.54453125 0.1109375 0.084375