9 0.6765625 0.42109375 0.0953125 0.0734375
9 0.578125 0.51953125 0.0609375 0.046875
9 0.55390625 0.47109375 0.0546875 0.04375
9 0.49296875 0.53671875 0.0296875 0.021875
9 0.5 0.48046875 0.0375 0.03125
9 0.4953125 0.5171875 0.034375 0.0265625
9 0.46171875 0.50625 0.021875 0.021875
8 0.45625 0.55625 0.0296875 0.0328125
8 0.4921875 0.56953125 0.0453125 0.05
8 0.54296875 0.58828125 0.0578125 0.078125
8 0.60546875 0.82890625 0.071875 0.0953125
8 0.7671875 0.6765625 0.2640625 0.271875
9 0.58828125 0.91328125 0.05 0.046875