9 0.89296875 0.10625 0.10625 0.11875
9 0.75234375 0.3296875 0.13125 0.0953125
8 0.7 0.5734375 0.1359375 0.15
8 0.54765625 0.59375 0.071875 0.0875
8 0.5 0.51484375 0.0578125 0.0609375
8 0.4890625 0.59921875 0.0421875 0.0546875
8 0.4578125 0.60546875 0.0375 0.046875
8 0.45 0.5484375 0.03125 0.04375
8 0.41796875 0.57109375 0.025 0.025
8 0.40390625 0.5984375 0.01875 0.01875
8 0.3984375 0.584375 0.0171875 0.01875
8 0.396875 0.6078125 0.0171875 0.01875
9 0.628125 0.81640625 0.0734375 0.0609375
9 0.5375 0.81796875 0.046875 0.034375
9 0.546875 0.8625 0.0484375 0.0390625
9 0.51875 0.4578125 0.046875 0.0328125
9 0.48984375 0.45390625 0.0453125 0.03125
9 0.51328125 0.35546875 0.053125 0.0421875
9 0.48125 0.38046875 0.04375 0.028125
9 0.4609375 0.49296875 0.0328125 0.0234375
9 0.47265625 0.54140625 0.0359375 0.03125
9 0.44296875 0.51953125 0.0265625 0.0203125
9 0.4609375 0.55078125 0.0328125 0.0296875
9 0.425 0.5328125 0.028125 0.021875
9 0.42578125 0.55625 0.028125 0.021875
9 0.4125 0.540625 0.01875 0.015625