8 0.46171875 0.359375 0.11484375 0.07890625
8 0.459375 0.2 0.03984375 0.028125
8 0.45859375 0.16328125 0.02734375 0.01796875
8 0.53359375 0.16953125 0.0328125 0.01953125
8 0.46484375 0.12734375 0.0171875 0.00859375
3 0.509375 0.15625 0.0234375 0.01796875
3 0.4921875 0.12265625 0.01875 0.01328125
9 0.56484375 0.2109375 0.0171875 0.028125
9 0.5796875 0.18125 0.0109375 0.01640625
9 0.56875 0.1640625 0.01328125 0.015625
9 0.52578125 0.146875 0.0078125 0.01328125
8 0.5390625 0.15078125 0.025 0.0109375