9 0.80859375 0.94609375 0.14453125 0.1078125
9 0.74375 0.66796875 0.0953125 0.08359375
9 0.74609375 0.584375 0.06328125 0.06796875
9 0.571875 0.53125 0.05078125 0.05625
9 0.4578125 0.49453125 0.04140625 0.046875
9 0.43515625 0.42109375 0.03125 0.02890625
9 0.37578125 0.41953125 0.02734375 0.02890625
9 0.33515625 0.41328125 0.025 0.0328125
9 0.39296875 0.4046875 0.021875 0.02578125
9 0.3828125 0.3859375 0.01953125 0.01953125
9 0.35390625 0.3875 0.0140625 0.0203125
9 0.33046875 0.38125 0.01796875 0.021875
8 0.38359375 0.6375 0.1640625 0.10390625
8 0.3 0.34453125 0.01875 0.0125
7 0.303125 0.36640625 0.03515625 0.028125