9 0.16875 0.31875 0.1484375 0.059375
9 0.1125 0.86875 0.140625 0.0765625
9 0.20625 0.7953125 0.128125 0.0515625
9 0.246875 0.61953125 0.1125 0.0484375
9 0.3421875 0.490625 0.071875 0.040625
9 0.36640625 0.53984375 0.096875 0.034375
9 0.42109375 0.46875 0.078125 0.0359375
9 0.4671875 0.3421875 0.0828125 0.03125
9 0.4984375 0.29375 0.08125 0.0265625
9 0.515625 0.2046875 0.0703125 0.034375
9 0.54375 0.2359375 0.0671875 0.034375
9 0.5640625 0.27578125 0.078125 0.0265625
9 0.575 0.2296875 0.0671875 0.0265625
9 0.596875 0.2 0.0640625 0.03125
9 0.625 0.19453125 0.05625 0.03125
9 0.63984375 0.15546875 0.0625 0.034375
9 0.625 0.09921875 0.0734375 0.0234375
9 0.68671875 0.08125 0.0625 0.028125
9 0.33515625 0.78984375 0.0921875 0.03125
9 0.34140625 0.821875 0.0984375 0.0296875
0 0.3453125 0.87890625 0.10625 0.0390625
8 0.19921875 0.49140625 0.1875 0.228125
8 0.3015625 0.2421875 0.1296875 0.1515625
8 0.43046875 0.22890625 0.1265625 0.125