9 0.0953125 0.20078125 0.0921875 0.1109375
9 0.26875 0.20390625 0.153125 0.115625
9 0.3765625 0.40234375 0.0953125 0.075
9 0.4609375 0.484375 0.065625 0.0484375
9 0.49765625 0.5 0.0546875 0.040625
9 0.49609375 0.446875 0.05625 0.0484375
9 0.53515625 0.4671875 0.04375 0.0359375
9 0.55703125 0.5078125 0.0375 0.0328125
9 0.58125 0.54296875 0.03125 0.025
8 0.5953125 0.40703125 0.040625 0.05
8 0.565625 0.6015625 0.03125 0.0390625
8 0.59453125 0.57421875 0.0390625 0.04375
8 0.57734375 0.61640625 0.0265625 0.0296875
8 0.596875 0.615625 0.021875 0.025
8 0.6078125 0.5953125 0.0203125 0.021875
9 0.5734375 0.471875 0.0296875 0.025