9 0.8078125 0.790625 0.2 0.0953125
9 0.90390625 0.66640625 0.1921875 0.1234375
9 0.89296875 0.5578125 0.2140625 0.128125
9 0.828125 0.48046875 0.2390625 0.10625
9 0.7515625 0.5453125 0.2296875 0.103125
9 0.68203125 0.440625 0.2203125 0.103125
9 0.7859375 0.328125 0.234375 0.0984375
9 0.75625 0.228125 0.2546875 0.1140625
9 0.4265625 0.37890625 0.16875 0.0859375
9 0.440625 0.49609375 0.1484375 0.0640625
9 0.50234375 0.5171875 0.1609375 0.0796875
9 0.61640625 0.5375 0.178125 0.0921875
9 0.39375 0.27265625 0.1671875 0.075
9 0.62734375 0.74375 0.1578125 0.0859375
9 0.56796875 0.67890625 0.1546875 0.0796875
9 0.4984375 0.71171875 0.128125 0.0609375
9 0.44296875 0.67734375 0.115625 0.0625
9 0.49453125 0.59765625 0.134375 0.0609375
9 0.34140625 0.47578125 0.1171875 0.059375
9 0.32109375 0.74609375 0.1078125 0.0484375
9 0.3296875 0.7171875 0.115625 0.046875
9 0.3109375 0.684375 0.084375 0.0453125
9 0.36484375 0.58203125 0.096875 0.05
9 0.3109375 0.54765625 0.0953125 0.05
9 0.553125 0.9 0.1390625 0.06875
9 0.4875 0.8625 0.1171875 0.059375
9 0.6 0.959375 0.1359375 0.065625
9 0.4359375 0.89453125 0.10625 0.053125
8 0.24921875 0.4984375 0.1046875 0.075
8 0.17734375 0.4578125 0.1109375 0.0796875
8 0.2109375 0.55234375 0.0984375 0.071875
8 0.1890625 0.6375 0.0875 0.0625
8 0.15546875 0.66015625 0.075 0.05625
8 0.096875 0.59296875 0.0625 0.05625
8 0.08125 0.6234375 0.0625 0.046875