8 0.4140625 0.95625 0.078125 0.0859375
8 0.6234375 0.9578125 0.075 0.084375
8 0.59140625 0.87734375 0.0671875 0.0640625
8 0.484375 0.89296875 0.0640625 0.0578125
8 0.4859375 0.8484375 0.0578125 0.040625
8 0.48046875 0.82109375 0.0640625 0.0296875
8 0.3875 0.8109375 0.0390625 0.0609375
8 0.40703125 0.72734375 0.0296875 0.0359375
8 0.40859375 0.65546875 0.0125 0.015625
8 0.4140625 0.64765625 0.0109375 0.0140625
8 0.44765625 0.640625 0.009375 0.0140625
8 0.46171875 0.65703125 0.0109375 0.015625
8 0.48828125 0.7 0.0171875 0.0234375
8 0.47890625 0.68359375 0.0140625 0.015625
9 0.43828125 0.69453125 0.0109375 0.025
9 0.478125 0.69140625 0.00625 0.021875
1 0.4390625 0.66640625 0.0203125 0.03125
3 0.43125 0.640625 0.0125 0.01875
3 0.478125 0.675 0.0171875 0.0296875