9 0.18125 0.86015625 0.1796875 0.1609375
9 0.5765625 0.71171875 0.0796875 0.0828125
9 0.63984375 0.6984375 0.0640625 0.0609375
9 0.71015625 0.59140625 0.0421875 0.0390625
9 0.73515625 0.59140625 0.0390625 0.034375
9 0.7203125 0.653125 0.0421875 0.0375
9 0.7578125 0.63515625 0.03125 0.0296875
9 0.7765625 0.61640625 0.025 0.021875
9 0.8046875 0.5515625 0.01875 0.01875
9 0.815625 0.53671875 0.0203125 0.01875
9 0.80546875 0.128125 0.0421875 0.040625
8 0.7453125 0.48984375 0.0484375 0.0734375
8 0.7890625 0.5140625 0.03125 0.04375
8 0.80390625 0.5140625 0.03125 0.0421875
8 0.803125 0.5890625 0.0265625 0.0421875
8 0.834375 0.52734375 0.01875 0.0296875
7 0.78125 0.56875 0.0515625 0.0578125