9 0.54140625 0.94140625 0.0421875 0.1171875
9 0.65078125 0.9 0.0390625 0.1140625
9 0.4796875 0.83828125 0.034375 0.10546875
9 0.5875 0.78359375 0.025 0.0984375
9 0.63515625 0.7515625 0.01875 0.07890625
9 0.646875 0.69375 0.01796875 0.06484375
9 0.6140625 0.67421875 0.0171875 0.06171875
9 0.57265625 0.7015625 0.01796875 0.07109375
9 0.61796875 0.60078125 0.0078125 0.03671875
9 0.63515625 0.58359375 0.01015625 0.03671875
9 0.6046875 0.5703125 0.00859375 0.03125
9 0.5765625 0.56171875 0.01015625 0.0375
9 0.57578125 0.53125 0.009375 0.02109375
9 0.61171875 0.54765625 0.00859375 0.02890625
9 0.609375 0.521875 0.00859375 0.01875
9 0.6046875 0.54296875 0.009375 0.02265625
9 0.5984375 0.5171875 0.00703125 0.0203125
9 0.590625 0.51015625 0.00703125 0.021875
9 0.58046875 0.5078125 0.00546875 0.021875
9 0.56953125 0.50546875 0.00546875 0.0203125
9 0.590625 0.48515625 0.0046875 0.015625
9 0.60390625 0.48203125 0.00390625 0.015625
9 0.58203125 0.478125 0.00390625 0.01484375
9 0.58828125 0.4703125 0.00390625 0.0125
9 0.59296875 0.46171875 0.00390625 0.0125
9 0.58359375 0.46171875 0.00390625 0.0109375
9 0.575 0.45625 0.0015625 0.0125
9 0.57890625 0.45859375 0.00234375 0.0125
8 0.6046875 0.459375 0.009375 0.01328125
8 0.6 0.453125 0.00859375 0.01015625
8 0.58203125 0.4453125 0.00625 0.00859375
3 0.53203125 0.571875 0.04609375 0.09296875
8 0.55546875 0.5 0.01796875 0.02109375
8 0.559375 0.47734375 0.0140625 0.01796875