9 0.07109375 0.5890625 0.1421875 0.071875
9 0.23984375 0.44765625 0.1171875 0.046875
9 0.25546875 0.5109375 0.103125 0.0484375
9 0.23125 0.578125 0.1125 0.0484375
9 0.3125 0.61015625 0.0859375 0.0359375
9 0.38125 0.46796875 0.0671875 0.0359375
9 0.38203125 0.51328125 0.0609375 0.0296875
9 0.37265625 0.5359375 0.0703125 0.03125
9 0.4125 0.52890625 0.0578125 0.0265625
9 0.46171875 0.471875 0.0421875 0.01875
9 0.4390625 0.4890625 0.0578125 0.0265625
9 0.4515625 0.50859375 0.05 0.0234375
8 0.4765625 0.46015625 0.05625 0.0359375
8 0.51953125 0.46953125 0.0390625 0.028125
8 0.51640625 0.153125 0.0640625 0.0609375
8 0.48515625 0.075 0.065625 0.071875
8 0.53125 0.38984375 0.0390625 0.0265625
7 0.16640625 0.290625 0.3171875 0.25