8 0.4515625 0.6265625 0.2265625 0.18515625
8 0.5578125 0.3515625 0.125 0.06796875
8 0.471875 0.18984375 0.034375 0.0203125
8 0.47578125 0.17578125 0.02265625 0.00859375
8 0.46796875 0.1671875 0.0203125 0.0078125
8 0.54296875 0.17421875 0.01875 0.01171875
9 0.5109375 0.178125 0.00703125 0.0109375
9 0.5015625 0.17265625 0.0078125 0.0109375
9 0.4859375 0.16640625 0.00703125 0.0109375
9 0.7734375 0.503125 0.05625 0.084375
9 0.78046875 0.32109375 0.03203125 0.04140625
9 0.92421875 0.9078125 0.1421875 0.184375
9 0.071875 0.29921875 0.05 0.05859375