9 0.47734375 0.87578125 0.0609375 0.121875
9 0.4 0.81796875 0.0578125 0.0984375
9 0.571875 0.62890625 0.028125 0.0421875
9 0.434375 0.60703125 0.021875 0.0359375
9 0.540625 0.56328125 0.0171875 0.0296875
9 0.5140625 0.56484375 0.0171875 0.025
9 0.47734375 0.57578125 0.0125 0.0265625
9 0.4609375 0.56875 0.0109375 0.025
9 0.446875 0.55 0.0140625 0.0203125
9 0.45625 0.528125 0.0140625 0.0171875
9 0.48125 0.5421875 0.0140625 0.0203125
9 0.51015625 0.53984375 0.0125 0.0203125
9 0.528125 0.53671875 0.0109375 0.01875
9 0.52578125 0.51875 0.0078125 0.0125
9 0.4953125 0.5078125 0.009375 0.009375
9 0.47109375 0.50390625 0.00625 0.009375
9 0.47890625 0.49296875 0.00625 0.00625
8 0.51328125 0.49765625 0.0125 0.0109375
8 0.50546875 0.49375 0.009375 0.0078125
8 0.503125 0.48828125 0.009375 0.0046875
8 0.49921875 0.48359375 0.009375 0.00625
10 0.48984375 0.4921875 0.0109375 0.0109375
9 0.4828125 0.484375 0.003125 0.0046875