9 0.56328125 0.3984375 0.0484375 0.0640625
9 0.7015625 0.3671875 0.0453125 0.0484375
9 0.62109375 0.334375 0.04375 0.0390625
9 0.6828125 0.3265625 0.034375 0.040625
9 0.61171875 0.31328125 0.0375 0.034375
9 0.5953125 0.2671875 0.0265625 0.028125
9 0.54296875 0.2609375 0.028125 0.0296875
9 0.56796875 0.24609375 0.0203125 0.025
9 0.0796875 0.3234375 0.0359375 0.03125
8 0.46328125 0.4359375 0.1453125 0.109375
8 0.09609375 0.359375 0.1390625 0.06875
8 0.2125 0.30234375 0.078125 0.0546875
8 0.484375 0.2359375 0.0375 0.025
8 0.478125 0.21875 0.0375 0.0203125
7 0.52421875 0.2078125 0.0359375 0.0296875
7 0.48515625 0.20703125 0.0296875 0.025