9 0.3625 0.8734375 0.01953125 0.08828125
9 0.27734375 0.91875 0.01875 0.09609375
9 0.296875 0.87578125 0.01171875 0.08046875
9 0.4015625 0.72578125 0.01171875 0.06171875
9 0.40390625 0.67109375 0.0140625 0.05
9 0.3984375 0.6375 0.01171875 0.06171875
9 0.3890625 0.6 0.0109375 0.05078125
9 0.4140625 0.5796875 0.01015625 0.05859375
9 0.434375 0.61015625 0.00859375 0.059375
9 0.45625 0.62578125 0.01171875 0.06328125
9 0.47578125 0.55 0.01328125 0.05078125
9 0.45390625 0.57890625 0.00859375 0.03984375
9 0.49140625 0.521875 0.00859375 0.05
9 0.5078125 0.51484375 0.009375 0.05
9 0.5796875 0.71171875 0.01796875 0.06171875
9 0.65703125 0.73125 0.01953125 0.06796875
9 0.6703125 0.6890625 0.0140625 0.06015625
9 0.71640625 0.67421875 0.01328125 0.05703125
9 0.74375 0.6640625 0.01171875 0.0578125
9 0.60078125 0.6765625 0.0140625 0.0671875
9 0.6625 0.62109375 0.01328125 0.05390625
9 0.67734375 0.60078125 0.0109375 0.04609375
9 0.7171875 0.6 0.01328125 0.0515625
9 0.65625 0.56484375 0.01015625 0.05
9 0.68671875 0.5625 0.00859375 0.03984375
9 0.62890625 0.53984375 0.01015625 0.04375
9 0.64375 0.54140625 0.00703125 0.0359375
9 0.64921875 0.5140625 0.01015625 0.03984375
9 0.6640625 0.50078125 0.0078125 0.04296875
9 0.68125 0.525 0.01171875 0.03828125
9 0.62109375 0.4734375 0.0078125 0.0359375
9 0.6234375 0.4359375 0.00703125 0.0265625
9 0.55859375 0.45625 0.00625 0.02890625
9 0.66171875 0.4046875 0.0203125 0.02109375
9 0.68046875 0.37734375 0.00625 0.02578125
9 0.659375 0.371875 0.00703125 0.0265625
9 0.628125 0.38671875 0.00703125 0.02421875
9 0.62109375 0.36953125 0.00390625 0.02421875
9 0.5953125 0.35078125 0.00546875 0.0234375
9 0.60859375 0.34140625 0.0046875 0.01640625
9 0.634375 0.35859375 0.00390625 0.02109375
9 0.62734375 0.365625 0.0046875 0.01796875
9 0.65859375 0.35234375 0.00625 0.01875
9 0.646875 0.346875 0.0046875 0.02265625
9 0.6140625 0.334375 0.0046875 0.021875
9 0.60390625 0.33671875 0.00390625 0.0234375
9 0.55625 0.34765625 0.00546875 0.028125
9 0.5828125 0.346875 0.00390625 0.01875
9 0.54765625 0.434375 0.0078125 0.03828125
9 0.534375 0.4484375 0.00703125 0.03046875
9 0.51953125 0.47265625 0.00859375 0.03046875
9 0.50859375 0.47734375 0.00859375 0.03515625
9 0.490625 0.48671875 0.01015625 0.0296875
9 0.52578125 0.49453125 0.00546875 0.0390625
9 0.53984375 0.4859375 0.0078125 0.03515625
9 0.584375 0.5265625 0.00859375 0.0421875
1 0.53984375 0.85 0.10234375 0.22890625
8 0.30390625 0.82109375 0.07109375 0.09609375
8 0.17109375 0.8625 0.08125 0.13359375
8 0.23671875 0.7875 0.0421875 0.078125
8 0.2875 0.69296875 0.04921875 0.05859375
8 0.47265625 0.4265625 0.02421875 0.03359375
8 0.4859375 0.4078125 0.01875 0.025
8 0.50625 0.4359375 0.025 0.0359375
8 0.50703125 0.38828125 0.02109375 0.0328125
8 0.5390625 0.378125 0.01875 0.02890625
8 0.5765625 0.37265625 0.01953125 0.0296875
8 0.5421875 0.3578125 0.01875 0.0296875
8 0.60859375 0.39375 0.02421875 0.03046875
8 0.5734375 0.41015625 0.02265625 0.025
8 0.57890625 0.4390625 0.02890625 0.03984375
8 0.584375 0.4953125 0.0296875 0.0421875
8 0.5984375 0.62265625 0.0484375 0.07109375
8 0.578125 0.60546875 0.0359375 0.046875