9 0.509375 0.94140625 0.05 0.1171875
9 0.62265625 0.909375 0.046875 0.1171875
9 0.45625 0.8359375 0.0421875 0.1078125
9 0.5671875 0.7890625 0.03125 0.1
9 0.6171875 0.76015625 0.0234375 0.0796875
9 0.6328125 0.70390625 0.0234375 0.0671875
9 0.6015625 0.68203125 0.021875 0.0640625
9 0.55859375 0.70625 0.0234375 0.0734375
9 0.6109375 0.60859375 0.0109375 0.0375
9 0.62890625 0.59296875 0.0125 0.0375
9 0.59921875 0.57734375 0.0109375 0.03125
9 0.571875 0.5671875 0.0125 0.0375
9 0.5734375 0.53671875 0.0109375 0.021875
9 0.6078125 0.55546875 0.0109375 0.028125
9 0.6078125 0.5296875 0.0109375 0.01875
9 0.6015625 0.55 0.0109375 0.021875
9 0.596875 0.52421875 0.0078125 0.0203125
9 0.58984375 0.51640625 0.0078125 0.021875
9 0.5796875 0.51328125 0.0078125 0.021875
9 0.56875 0.51015625 0.0078125 0.0203125
9 0.59140625 0.49140625 0.00625 0.015625
9 0.6046875 0.4890625 0.0046875 0.015625
9 0.58359375 0.48359375 0.0046875 0.015625
9 0.58984375 0.4765625 0.0046875 0.0125
9 0.5953125 0.46796875 0.0046875 0.0125
9 0.5859375 0.46796875 0.003125 0.0109375
9 0.578125 0.46171875 0.003125 0.0125
9 0.58125 0.4640625 0.0046875 0.0125
8 0.60703125 0.46640625 0.0109375 0.0125
8 0.603125 0.46015625 0.009375 0.009375
8 0.5859375 0.45078125 0.00625 0.009375
3 0.5265625 0.57421875 0.053125 0.096875
8 0.55546875 0.50390625 0.0203125 0.0234375
8 0.5609375 0.48125 0.015625 0.0203125