9 0.7453125 0.73359375 0.1390625 0.103125
9 0.590625 0.66796875 0.078125 0.065625
9 0.56953125 0.590625 0.0765625 0.059375
9 0.49296875 0.58984375 0.0640625 0.046875
9 0.425 0.5515625 0.0296875 0.0265625
9 0.4046875 0.47578125 0.0296875 0.021875
9 0.4078125 0.50546875 0.025 0.0203125
8 0.4296875 0.63515625 0.0453125 0.05
8 0.43984375 0.50625 0.05 0.0546875
8 0.37890625 0.48125 0.028125 0.0328125
8 0.3953125 0.43515625 0.0390625 0.046875
8 0.7203125 0.4078125 0.2421875 0.2203125
8 0.8953125 0.68515625 0.209375 0.2671875
7 0.49453125 0.4390625 0.1390625 0.121875
8 0.36796875 0.43828125 0.0265625 0.0390625