9 0.69921875 0.8046875 0.0578125 0.11640625
9 0.71953125 0.67109375 0.0640625 0.10625
9 0.484375 0.5421875 0.03984375 0.0609375
9 0.521875 0.5 0.01796875 0.0484375
9 0.4875 0.45703125 0.01953125 0.040625
9 0.46015625 0.40625 0.01484375 0.02265625
9 0.3625 0.41484375 0.01015625 0.02734375
9 0.325 0.4015625 0.01640625 0.0234375
9 0.315625 0.3796875 0.01484375 0.01796875
9 0.4359375 0.3921875 0.009375 0.02578125
9 0.44296875 0.384375 0.009375 0.0234375
9 0.3953125 0.34453125 0.01015625 0.01328125
9 0.3625 0.33359375 0.0078125 0.009375
9 0.40234375 0.340625 0.00703125 0.0125
9 0.38984375 0.33203125 0.0046875 0.009375
9 0.38125 0.33203125 0.00546875 0.00859375
3 0.39453125 0.38046875 0.046875 0.046875
8 0.3328125 0.45859375 0.0703125 0.05546875
8 0.340625 0.37265625 0.03125 0.01953125
8 0.34609375 0.34140625 0.02109375 0.0140625
8 0.34765625 0.31953125 0.0109375 0.0078125
2 0.37109375 0.32265625 0.0140625 0.015625