9 0.44609375 0.68515625 0.075 0.10703125
9 0.51875 0.45546875 0.0375 0.06328125
9 0.6390625 0.440625 0.04296875 0.05078125
9 0.67890625 0.390625 0.053125 0.0390625
9 0.646875 0.334375 0.0265625 0.02890625
9 0.58046875 0.290625 0.0125 0.015625
9 0.59453125 0.27734375 0.00703125 0.01484375
9 0.57421875 0.275 0.00859375 0.01328125
8 0.54609375 0.28203125 0.028125 0.01484375
8 0.5 0.2921875 0.03203125 0.0203125
8 0.50546875 0.271875 0.02578125 0.009375
8 0.52109375 0.2640625 0.01640625 0.0109375
8 0.53125 0.25546875 0.01640625 0.01015625
8 0.55 0.26953125 0.02265625 0.01328125
8 0.52265625 0.24453125 0.0171875 0.009375
3 0.50703125 0.23828125 0.0140625 0.01171875
9 0.5421875 0.24453125 0.00546875 0.00859375
9 0.57421875 0.2609375 0.00625 0.009375