9 0.55390625 0.51015625 0.0484375 0.11875
9 0.5109375 0.46171875 0.0359375 0.1125
9 0.38203125 0.47578125 0.05 0.134375
9 0.3390625 0.59296875 0.05625 0.165625
9 0.6078125 0.4375 0.0359375 0.103125
9 0.64453125 0.4078125 0.0296875 0.0796875
9 0.7203125 0.41875 0.028125 0.078125
9 0.478125 0.41953125 0.034375 0.0921875
9 0.45234375 0.38828125 0.021875 0.08125
9 0.6375 0.896875 0.09375 0.20625
9 0.37109375 0.83828125 0.0828125 0.271875
9 0.54765625 0.7640625 0.0734375 0.228125
9 0.584375 0.6859375 0.046875 0.1875
9 0.640625 0.740625 0.0796875 0.2421875
9 0.73359375 0.765625 0.0765625 0.2296875
9 0.834375 0.79296875 0.059375 0.196875
9 0.66875 0.55546875 0.05 0.1484375
9 0.72421875 0.634375 0.0546875 0.1484375
9 0.7359375 0.53203125 0.0359375 0.121875
8 0.35078125 0.38984375 0.0796875 0.096875
8 0.77890625 0.35625 0.0546875 0.0765625
8 0.67890625 0.29609375 0.0390625 0.0484375