9 0.6546875 0.4125 0.084375 0.0875
9 0.59375 0.21796875 0.0484375 0.0578125
9 0.546875 0.11875 0.034375 0.0390625
9 0.5296875 0.10546875 0.025 0.0296875
9 0.54765625 0.09453125 0.0296875 0.03125
9 0.48046875 0.09453125 0.021875 0.034375
9 0.48046875 0.0640625 0.021875 0.025
9 0.45859375 0.05703125 0.015625 0.01875
9 0.4375 0.04921875 0.0125 0.015625
9 0.51796875 0.06015625 0.028125 0.021875
9 0.48125 0.04296875 0.0109375 0.015625
9 0.45859375 0.040625 0.0125 0.015625
8 0.4421875 0.06640625 0.028125 0.021875
8 0.45234375 0.078125 0.0359375 0.0265625
8 0.4390625 0.03203125 0.01875 0.0125
8 0.5125 0.04453125 0.025 0.0140625
8 0.4359375 0.13984375 0.0640625 0.0453125
8 0.53828125 0.171875 0.0734375 0.053125
8 0.41953125 0.45078125 0.2 0.159375