9 0.7890625 0.37578125 0.08125 0.08125
9 0.684375 0.2765625 0.053125 0.0546875
9 0.55546875 0.246875 0.04375 0.04375
9 0.49296875 0.184375 0.015625 0.0203125
9 0.415625 0.165625 0.0171875 0.0140625
9 0.396875 0.159375 0.0078125 0.0078125
9 0.42265625 0.15703125 0.0078125 0.0078125
9 0.4046875 0.15390625 0.00625 0.0078125
8 0.3625 0.1640625 0.0234375 0.0140625
8 0.42421875 0.2015625 0.0421875 0.03125
10 0.46328125 0.17890625 0.0328125 0.025
8 0.3703125 0.27109375 0.0625 0.0453125
8 0.5796875 0.31953125 0.1359375 0.0875
8 0.3671875 0.37109375 0.1328125 0.0859375