9 0.77109375 0.7359375 0.08671875 0.11875
9 0.6453125 0.65546875 0.0671875 0.10078125
9 0.62890625 0.53046875 0.04921875 0.06796875
9 0.590625 0.478125 0.04296875 0.0578125
9 0.5625 0.4125 0.02890625 0.04375
9 0.49453125 0.40234375 0.0359375 0.03984375
9 0.5171875 0.39140625 0.0234375 0.03828125
9 0.48203125 0.36171875 0.02421875 0.03359375
9 0.51484375 0.36953125 0.0203125 0.02890625
9 0.515625 0.3515625 0.02265625 0.028125
3 0.4328125 0.3328125 0.03515625 0.0375
8 0.43203125 0.365625 0.05390625 0.0453125
8 0.40625 0.40546875 0.06796875 0.05
8 0.36484375 0.46796875 0.11015625 0.07578125
8 0.22578125 0.4109375 0.08671875 0.05859375
8 0.471875 0.32421875 0.03046875 0.02421875