8 0.596875 0.7203125 0.04609375 0.09140625
8 0.5265625 0.75234375 0.0578125 0.17421875
8 0.5953125 0.45625 0.03203125 0.05234375
8 0.62890625 0.3796875 0.03046875 0.0515625
8 0.54609375 0.33125 0.03203125 0.04921875
8 0.5765625 0.27890625 0.02421875 0.05
8 0.621875 0.2953125 0.02421875 0.05
8 0.67890625 0.25546875 0.02578125 0.04453125
8 0.75078125 0.284375 0.02578125 0.05078125
8 0.578125 0.17265625 0.02578125 0.040625
8 0.6203125 0.1734375 0.02265625 0.040625
9 0.6515625 0.1859375 0.01171875 0.034375
9 0.665625 0.1859375 0.01015625 0.0375
9 0.66484375 0.215625 0.0109375 0.03203125
9 0.678125 0.1984375 0.0109375 0.03046875
9 0.69375 0.19375 0.0125 0.03828125
9 0.5875 0.22578125 0.0140625 0.0328125
9 0.6421875 0.23984375 0.0109375 0.03125
9 0.6484375 0.28515625 0.01484375 0.03515625
9 0.715625 0.25078125 0.0125 0.0390625
9 0.69609375 0.23984375 0.0125 0.03671875
9 0.56328125 0.390625 0.01875 0.040625
9 0.68671875 0.34140625 0.01484375 0.0453125
9 0.6875 0.39921875 0.015625 0.0484375
9 0.65390625 0.45234375 0.02109375 0.05
9 0.65078125 0.53359375 0.0171875 0.05859375
9 0.63046875 0.5515625 0.01484375 0.05390625
9 0.63671875 0.58515625 0.01484375 0.05390625
9 0.7171875 0.55234375 0.0171875 0.05546875
9 0.7578125 0.5390625 0.0171875 0.05390625
9 0.709375 0.42734375 0.0171875 0.046875
9 0.73515625 0.40234375 0.0171875 0.04921875
9 0.73125 0.33828125 0.01328125 0.04296875
9 0.7421875 0.321875 0.0125 0.0390625
9 0.7015625 0.2859375 0.01328125 0.0390625
9 0.72265625 0.31953125 0.01328125 0.04140625
9 0.1859375 0.53359375 0.02265625 0.05390625
9 0.24609375 0.55 0.01953125 0.05546875
9 0.26953125 0.475 0.0171875 0.053125
9 0.27265625 0.4359375 0.02109375 0.046875
9 0.31015625 0.41640625 0.0171875 0.0484375
9 0.22265625 0.40234375 0.021875 0.04921875
9 0.19609375 0.43828125 0.02109375 0.05390625
9 0.26640625 0.31015625 0.0171875 0.04375
9 0.30234375 0.3109375 0.015625 0.046875
8 0.3015625 0.36328125 0.0375 0.0546875
8 0.33984375 0.1328125 0.021875 0.03203125
8 0.35625 0.103125 0.01953125 0.03515625
8 0.36484375 0.08671875 0.015625 0.03828125
8 0.37265625 0.11875 0.02265625 0.0359375
9 0.3234375 0.25625 0.0125 0.03359375
9 0.30625 0.2421875 0.0125 0.0390625
9 0.33203125 0.19609375 0.01015625 0.0328125
9 0.3015625 0.2078125 0.015625 0.03828125
9 0.35 0.19609375 0.01328125 0.03515625
9 0.34140625 0.24453125 0.0125 0.0421875
9 0.35546875 0.24375 0.0125 0.040625
9 0.36640625 0.21015625 0.0140625 0.0359375
9 0.37265625 0.26015625 0.01640625 0.0375