9 0.06640625 0.94453125 0.1328125 0.0734375
9 0.06875 0.82578125 0.1375 0.0546875
9 0.05546875 0.75 0.1109375 0.0625
9 0.0921875 0.62890625 0.1296875 0.0421875
9 0.134375 0.4453125 0.115625 0.0484375
9 0.23828125 0.66640625 0.1171875 0.046875
9 0.38671875 0.715625 0.0859375 0.0265625
9 0.38984375 0.61953125 0.08125 0.0265625
9 0.33671875 0.54609375 0.0921875 0.0296875
9 0.4234375 0.5765625 0.0671875 0.021875
9 0.459375 0.4390625 0.0609375 0.0140625
9 0.521875 0.54921875 0.05625 0.015625
9 0.55 0.5859375 0.05 0.015625
9 0.55859375 0.61953125 0.05 0.01875
9 0.5578125 0.66484375 0.04375 0.0140625
9 0.59375 0.56875 0.040625 0.0109375
9 0.590625 0.5859375 0.0375 0.009375
9 0.6109375 0.578125 0.034375 0.0078125
9 0.59453125 0.64921875 0.0421875 0.0140625
9 0.61640625 0.66328125 0.0390625 0.0140625
9 0.634375 0.6453125 0.034375 0.0140625
9 0.6078125 0.6265625 0.0359375 0.0109375
9 0.621875 0.6234375 0.040625 0.0109375
9 0.646875 0.61015625 0.0375 0.0125
9 0.64453125 0.59375 0.034375 0.009375
9 0.6515625 0.5859375 0.03125 0.0109375
9 0.65859375 0.56640625 0.034375 0.009375
9 0.66875 0.5609375 0.028125 0.0078125
9 0.675 0.54609375 0.03125 0.0078125
9 0.61328125 0.51796875 0.034375 0.009375
9 0.6265625 0.509375 0.034375 0.0078125
9 0.63984375 0.4984375 0.03125 0.0078125
9 0.61875 0.48984375 0.0296875 0.0109375
9 0.64765625 0.46953125 0.028125 0.0109375
9 0.67734375 0.478125 0.0265625 0.0109375
9 0.68984375 0.5203125 0.021875 0.00625
9 0.69375 0.528125 0.021875 0.00625
9 0.69296875 0.5421875 0.01875 0.00625
9 0.690625 0.5546875 0.025 0.0078125
9 0.69296875 0.56640625 0.01875 0.00625
9 0.68984375 0.58203125 0.025 0.0078125
9 0.67265625 0.5875 0.0203125 0.00625
9 0.66015625 0.60546875 0.025 0.0078125
9 0.68046875 0.615625 0.025 0.00625
9 0.70546875 0.60078125 0.021875 0.0078125
9 0.72421875 0.596875 0.021875 0.0046875
9 0.71171875 0.56875 0.01875 0.0078125
9 0.71875 0.57421875 0.021875 0.0078125
9 0.65625 0.44921875 0.028125 0.0078125
8 0.58984375 0.70859375 0.0578125 0.0296875
8 0.64296875 0.6859375 0.0640625 0.0375
8 0.46171875 0.6390625 0.0875 0.0578125
8 0.5640625 0.47890625 0.0734375 0.0375
8 0.4390625 0.48828125 0.0921875 0.0390625
8 0.62578125 0.5375 0.0484375 0.025
8 0.69375 0.5015625 0.0328125 0.0203125
8 0.71484375 0.5359375 0.028125 0.0171875
8 0.29140625 0.378125 0.13125 0.08125
9 0.29375 0.95703125 0.075 0.046875