9 0.79453125 0.2796875 0.115625 0.1015625
9 0.83125 0.334375 0.125 0.1046875
9 0.67421875 0.40078125 0.084375 0.0578125
9 0.69921875 0.2828125 0.08125 0.0609375
9 0.58984375 0.53984375 0.0640625 0.046875
9 0.58125 0.4984375 0.0578125 0.0375
9 0.55 0.47421875 0.0546875 0.0328125
9 0.47421875 0.875 0.0546875 0.0453125
9 0.43046875 0.85078125 0.040625 0.028125
9 0.50234375 0.5203125 0.034375 0.0296875
9 0.478125 0.55234375 0.0328125 0.0296875
8 0.87890625 0.4125 0.2421875 0.25625
8 0.64296875 0.659375 0.1296875 0.13125
8 0.51953125 0.63203125 0.06875 0.0734375
8 0.5265625 0.534375 0.0578125 0.0765625
7 0.4640625 0.6125 0.0671875 0.0671875
8 0.4453125 0.56640625 0.0328125 0.0359375
8 0.4140625 0.5984375 0.03125 0.03125