9 0.1578125 0.8296875 0.05625 0.15625
9 0.5609375 0.89921875 0.059375 0.16875
9 0.5109375 0.80625 0.0515625 0.1515625
9 0.5875 0.65859375 0.046875 0.1140625
9 0.503125 0.6421875 0.0328125 0.0921875
9 0.2390625 0.71640625 0.0484375 0.1375
9 0.2484375 0.60703125 0.0390625 0.1
9 0.30625 0.65390625 0.040625 0.1109375
9 0.31640625 0.58125 0.0375 0.0953125
9 0.35859375 0.590625 0.034375 0.1
9 0.40546875 0.55546875 0.0265625 0.075
9 0.50078125 0.5734375 0.03125 0.0859375
9 0.51484375 0.5453125 0.0265625 0.0703125
9 0.57734375 0.52734375 0.025 0.0765625
9 0.60703125 0.51484375 0.025 0.0765625
9 0.6375 0.53046875 0.0265625 0.065625
9 0.6828125 0.5703125 0.034375 0.0796875
9 0.66875 0.490625 0.0265625 0.0609375
9 0.40859375 0.5078125 0.0203125 0.0546875
9 0.43671875 0.4890625 0.0234375 0.0671875
9 0.4125 0.46640625 0.0203125 0.0578125
9 0.48359375 0.48984375 0.0234375 0.0671875
9 0.525 0.5109375 0.025 0.0546875
9 0.56171875 0.50234375 0.021875 0.065625
9 0.51328125 0.46171875 0.021875 0.0484375
9 0.475 0.43828125 0.01875 0.04375
9 0.44453125 0.42890625 0.021875 0.053125
9 0.465625 0.39609375 0.015625 0.0390625
9 0.48359375 0.41328125 0.0171875 0.0421875
9 0.52265625 0.4203125 0.0140625 0.0421875
9 0.53046875 0.43515625 0.015625 0.0515625
9 0.53984375 0.45234375 0.0140625 0.0546875
9 0.5515625 0.44375 0.015625 0.0515625
9 0.57578125 0.43125 0.0171875 0.0375
9 0.575 0.47265625 0.0171875 0.0453125
9 0.57265625 0.40703125 0.0171875 0.0421875
9 0.540625 0.4078125 0.0140625 0.034375
9 0.53828125 0.378125 0.0140625 0.0359375
9 0.4890625 0.3609375 0.0109375 0.0375
9 0.47890625 0.34609375 0.0140625 0.034375
9 0.496875 0.35859375 0.009375 0.03125
9 0.5515625 0.3609375 0.009375 0.0296875
9 0.503125 0.33125 0.0125 0.0265625
8 0.5125 0.3734375 0.0265625 0.0453125
8 0.58125 0.3671875 0.025 0.03125
8 0.62734375 0.41171875 0.040625 0.059375
3 0.61484375 0.37109375 0.040625 0.0578125
8 0.65546875 0.35546875 0.025 0.0359375
8 0.69375 0.396875 0.0375 0.0453125
8 0.72890625 0.45078125 0.053125 0.0609375
8 0.6390625 0.61796875 0.08125 0.1046875
8 0.76171875 0.57578125 0.0953125 0.10625
8 0.77109375 0.8375 0.165625 0.221875
9 0.8390625 0.70546875 0.0625 0.1078125
9 0.75703125 0.6640625 0.0484375 0.1
9 0.92890625 0.74140625 0.059375 0.1046875
9 0.9421875 0.82734375 0.059375 0.1515625
9 0.65625 0.4375 0.021875 0.053125
9 0.62578125 0.446875 0.021875 0.053125
9 0.67109375 0.40703125 0.01875 0.0515625
9 0.653125 0.38671875 0.0171875 0.040625
9 0.528125 0.35625 0.009375 0.03125
9 0.54453125 0.3609375 0.0125 0.0296875
9 0.56484375 0.34296875 0.009375 0.025