9 0.42890625 0.77890625 0.1375 0.03125
9 0.06953125 0.40390625 0.1390625 0.0421875
9 0.0859375 0.0453125 0.16875 0.0515625
9 0.25546875 0.1328125 0.184375 0.0515625
9 0.2265625 0.2421875 0.1875 0.034375
9 0.34375 0.20546875 0.140625 0.034375
9 0.26640625 0.509375 0.165625 0.0359375
9 0.31171875 0.425 0.165625 0.03125
9 0.3828125 0.4875 0.153125 0.028125
9 0.39453125 0.3671875 0.1375 0.0203125
9 0.43828125 0.4 0.128125 0.0296875
9 0.4796875 0.4359375 0.1125 0.0234375
9 0.53671875 0.46875 0.1203125 0.0203125
9 0.59140625 0.50625 0.1015625 0.0203125
9 0.49609375 0.37734375 0.1 0.025
9 0.53046875 0.3984375 0.096875 0.0296875
9 0.57890625 0.40078125 0.084375 0.0234375
9 0.60859375 0.3875 0.084375 0.025
9 0.5515625 0.3234375 0.103125 0.021875
9 0.36015625 0.296875 0.1375 0.025
9 0.41484375 0.265625 0.1375 0.025
9 0.42890625 0.2203125 0.103125 0.0265625
9 0.496875 0.24453125 0.13125 0.0171875
9 0.53671875 0.27421875 0.1125 0.0203125
9 0.61015625 0.3 0.090625 0.025
9 0.68828125 0.33671875 0.075 0.01875
9 0.69375 0.39609375 0.08125 0.0125
9 0.67265625 0.43359375 0.078125 0.0203125
9 0.69921875 0.5 0.084375 0.01875
9 0.71796875 0.5453125 0.0875 0.015625
9 0.71484375 0.62578125 0.08125 0.021875
9 0.7203125 0.3734375 0.0671875 0.0140625
9 0.76484375 0.365625 0.05 0.0171875
9 0.78203125 0.384375 0.0484375 0.015625
9 0.7703125 0.4 0.0625 0.0109375
9 0.76171875 0.4125 0.0609375 0.0109375
9 0.70859375 0.4265625 0.0671875 0.0109375
9 0.7375 0.44296875 0.065625 0.0171875
9 0.7203125 0.4609375 0.075 0.0109375
9 0.7640625 0.465625 0.040625 0.0109375
9 0.79296875 0.475 0.06875 0.0109375
9 0.796875 0.45859375 0.046875 0.0125
9 0.80234375 0.42109375 0.03125 0.009375
9 0.76953125 0.5046875 0.053125 0.0171875
9 0.7921875 0.54296875 0.0625 0.0140625
9 0.82265625 0.55703125 0.04375 0.009375
9 0.8640625 0.55390625 0.040625 0.009375
9 0.92890625 0.559375 0.03125 0.0078125
9 0.9078125 0.54453125 0.028125 0.0078125
9 0.859375 0.540625 0.0484375 0.0109375
9 0.85703125 0.51171875 0.0375 0.009375
9 0.89140625 0.52265625 0.0390625 0.009375
9 0.82109375 0.4859375 0.0421875 0.009375
9 0.83203125 0.49375 0.046875 0.0109375
9 0.81328125 0.45078125 0.046875 0.0171875
9 0.834375 0.43203125 0.034375 0.009375
9 0.8640625 0.44921875 0.0390625 0.009375
9 0.83984375 0.46171875 0.04375 0.00625
9 0.8546875 0.46875 0.0421875 0.009375
9 0.86328125 0.48828125 0.0375 0.009375
9 0.875 0.5 0.03125 0.009375
9 0.884375 0.46171875 0.028125 0.0078125
9 0.896875 0.46953125 0.0296875 0.009375
9 0.8703125 0.4296875 0.03125 0.0078125
9 0.875 0.44296875 0.046875 0.0109375
9 0.90390625 0.43828125 0.028125 0.00625
9 0.89765625 0.50390625 0.0296875 0.00625
9 0.8953125 0.48671875 0.03125 0.00625
9 0.91796875 0.5171875 0.03125 0.00625
8 0.1 0.6140625 0.1984375 0.128125
8 0.4578125 0.59921875 0.1796875 0.0890625
8 0.64140625 0.58984375 0.1328125 0.0640625