9 0.63046875 0.55 0.0921875 0.0625
9 0.54296875 0.6875 0.0734375 0.0515625
9 0.51171875 0.4078125 0.059375 0.0609375
9 0.4765625 0.4703125 0.0546875 0.04375
9 0.45859375 0.69375 0.053125 0.05
9 0.43046875 0.49609375 0.0421875 0.0328125
9 0.4140625 0.51875 0.0359375 0.0203125
9 0.3515625 0.5984375 0.0265625 0.0234375
9 0.33046875 0.63828125 0.0203125 0.0171875
9 0.33125 0.62265625 0.01875 0.0140625
8 0.42578125 0.67265625 0.046875 0.0625
8 0.353125 0.6625 0.0265625 0.040625
7 0.43125 0.57421875 0.1046875 0.1046875