9 0.49921875 0.6015625 0.0390625 0.028125
9 0.51640625 0.5609375 0.040625 0.028125
9 0.49375 0.56640625 0.0390625 0.03125
9 0.49296875 0.521875 0.040625 0.028125
9 0.4609375 0.49453125 0.025 0.0203125
9 0.4625 0.5203125 0.025 0.0203125
9 0.4453125 0.50390625 0.028125 0.0171875
8 0.45390625 0.63359375 0.0390625 0.05
8 0.490625 0.434375 0.05 0.05625
8 0.45 0.46953125 0.0265625 0.0296875
8 0.45078125 0.42734375 0.0234375 0.03125
8 0.4359375 0.4640625 0.0234375 0.0265625
8 0.5484375 0.546875 0.0828125 0.0984375
8 0.7671875 0.49765625 0.24375 0.1984375