9 0.50234375 0.37890625 0.06640625 0.0875
9 0.5296875 0.15390625 0.03203125 0.03671875
9 0.56875 0.12421875 0.03046875 0.03203125
9 0.51328125 0.11875 0.028125 0.03671875
9 0.48671875 0.090625 0.01796875 0.02421875
9 0.51640625 0.09609375 0.01953125 0.01953125
9 0.54453125 0.09453125 0.01640625 0.025
9 0.53515625 0.08984375 0.01328125 0.02265625
9 0.503125 0.0859375 0.01796875 0.02109375
8 0.4390625 0.06953125 0.0328125 0.0234375
8 0.47578125 0.06875 0.028125 0.0203125
8 0.47109375 0.05859375 0.028125 0.021875
8 0.053125 0.3359375 0.10546875 0.1234375