9 0.8859375 0.02421875 0.1375 0.0484375
9 0.9015625 0.12890625 0.153125 0.0546875
9 0.9234375 0.203125 0.1265625 0.0625
9 0.8921875 0.32890625 0.1296875 0.0421875
9 0.86953125 0.515625 0.115625 0.0484375
9 0.74296875 0.30703125 0.1171875 0.046875
9 0.58984375 0.27421875 0.0859375 0.0265625
9 0.596875 0.36953125 0.08125 0.0265625
9 0.6578125 0.43671875 0.0921875 0.0296875
9 0.56796875 0.415625 0.0671875 0.021875
9 0.546875 0.55625 0.0609375 0.0140625
9 0.4734375 0.45390625 0.05625 0.015625
9 0.44140625 0.4203125 0.05 0.015625
9 0.42890625 0.3875 0.05 0.01875
9 0.425 0.3421875 0.04375 0.0140625
9 0.4 0.44140625 0.040625 0.0109375
9 0.40078125 0.42421875 0.0375 0.009375
9 0.38125 0.434375 0.034375 0.0078125
9 0.390625 0.36171875 0.0421875 0.0140625
9 0.3671875 0.35 0.0390625 0.0140625
9 0.35078125 0.36953125 0.034375 0.0140625
9 0.3796875 0.38515625 0.0359375 0.0109375
9 0.365625 0.38984375 0.040625 0.0109375
9 0.3421875 0.40546875 0.0375 0.0125
9 0.346875 0.421875 0.034375 0.009375
9 0.33984375 0.43046875 0.03125 0.0109375
9 0.33515625 0.45078125 0.034375 0.009375
9 0.32578125 0.45703125 0.028125 0.0078125
9 0.32109375 0.47265625 0.03125 0.0078125
9 0.38515625 0.49453125 0.034375 0.009375
9 0.3734375 0.503125 0.034375 0.0078125
9 0.3609375 0.515625 0.03125 0.0078125
9 0.3828125 0.52265625 0.0296875 0.0109375
9 0.35625 0.54609375 0.028125 0.0109375
9 0.32578125 0.540625 0.0265625 0.0109375
9 0.309375 0.5 0.021875 0.00625
9 0.30390625 0.4921875 0.021875 0.00625
9 0.30390625 0.478125 0.01875 0.00625
9 0.3046875 0.465625 0.025 0.0078125
9 0.3015625 0.45390625 0.01875 0.00625
9 0.303125 0.43828125 0.025 0.0078125
9 0.31875 0.43125 0.0203125 0.00625
9 0.3296875 0.41171875 0.025 0.0078125
9 0.30859375 0.40390625 0.025 0.00625
9 0.28515625 0.42109375 0.021875 0.0078125
9 0.2671875 0.4265625 0.021875 0.0046875
9 0.2828125 0.453125 0.01875 0.0078125
9 0.27421875 0.44921875 0.021875 0.0078125
9 0.35 0.56640625 0.028125 0.0078125
8 0.3890625 0.3015625 0.0578125 0.0296875
8 0.33828125 0.33046875 0.0640625 0.0375
8 0.52421875 0.3578125 0.0875 0.0578125
8 0.4390625 0.52734375 0.0734375 0.0375
8 0.56171875 0.50546875 0.0921875 0.0390625
8 0.37109375 0.47578125 0.0484375 0.025
8 0.30703125 0.51875 0.0328125 0.0203125
8 0.2828125 0.48671875 0.028125 0.0171875
8 0.7203125 0.59921875 0.13125 0.08125
9 0.65703125 0.02421875 0.075 0.046875