8 0.34453125 0.61953125 0.2296875 0.209375
1 0.8268422671875 0.8788622125 0.8375571624999999 0.872478815625 0.8623956578125 0.8254782593750001 0.8593568312500001 0.8171619015625 0.8678702109374999 0.7765452078124999 0.8843802640625 0.7488862875 0.7143406234375 0.531701465625 0.70029881875 0.521838740625 0.673335015625 0.5141045859375 0.5634139593749999 0.49786726249999996 0.5514324203125 0.5032837156250001 0.5304700640625 0.5326836890625 0.5235495140624999 0.5719463859375 0.5416950984375 0.702302884375 0.5381395625 0.7475609984375 0.5524313453125 0.77560419375 0.564146153125 0.8419426812499999 0.7490603140625 0.8734531671875001 0.7958229718750001 0.8800252296875 0.8268422671875 0.8788622125
9 0.8609375 0.678125 0.08125 0.1
9 0.69921875 0.496875 0.05 0.0578125
9 0.58359375 0.4046875 0.0234375 0.0359375
9 0.6015625 0.38984375 0.015625 0.0296875
9 0.65078125 0.396875 0.03125 0.03125
9 0.6140625 0.3703125 0.025 0.0265625
8 0.5453125 0.35390625 0.0734375 0.04375
8 0.41328125 0.39921875 0.0984375 0.071875
3 0.43671875 0.31484375 0.0671875 0.0640625
3 0.5171875 0.30078125 0.065625 0.0546875
9 0.55390625 0.30625 0.015625 0.0234375
8 0.45234375 0.2875 0.0453125 0.021875
8 0.46484375 0.27890625 0.0359375 0.01875
8 0.45 0.265625 0.0296875 0.01875
8 0.45390625 0.2515625 0.0296875 0.015625
10 0.5015625 0.2671875 0.0234375 0.0171875
9 0.52265625 0.26796875 0.0078125 0.0125
9 0.48828125 0.25703125 0.0078125 0.009375
9 0.48203125 0.25390625 0.0078125 0.009375
9 0.50703125 0.24921875 0.00625 0.009375
9 0.4859375 0.24375 0.0078125 0.009375
9 0.478125 0.2421875 0.00625 0.009375
9 0.49453125 0.24453125 0.0046875 0.0078125
9 0.49921875 0.25546875 0.00625 0.009375
8 0.4640625 0.23359375 0.015625 0.0078125
8 0.51015625 0.2390625 0.0171875 0.0109375
8 0.52265625 0.253125 0.0171875 0.0109375
3 0.47890625 0.23125 0.0171875 0.0140625
3 0.096875 0.34921875 0.1546875 0.13125