9 0.8265625 0.765625 0.03671875 0.18125
9 0.91171875 0.54296875 0.0375 0.16484375
9 0.62578125 0.60234375 0.02890625 0.13515625
9 0.5875 0.5859375 0.0234375 0.14375
9 0.54609375 0.6171875 0.02109375 0.13984375
9 0.54296875 0.52421875 0.0203125 0.10546875
9 0.5984375 0.49140625 0.0234375 0.1046875
9 0.64140625 0.5140625 0.01953125 0.12109375
9 0.66328125 0.47109375 0.0203125 0.1203125
9 0.29453125 0.60703125 0.040625 0.13125
9 0.2 0.61328125 0.03046875 0.12578125
9 0.234375 0.54921875 0.0296875 0.09765625
9 0.37421875 0.45078125 0.0203125 0.10703125
9 0.34296875 0.446875 0.01953125 0.10625
9 0.5734375 0.44609375 0.0171875 0.1078125
9 0.54140625 0.4359375 0.01796875 0.10234375
9 0.528125 0.3984375 0.01484375 0.0859375
9 0.49375 0.4203125 0.021875 0.0921875
9 0.46171875 0.38515625 0.01796875 0.0875
9 0.42265625 0.39765625 0.02109375 0.0890625
9 0.403125 0.39296875 0.0140625 0.09375
9 0.3734375 0.37421875 0.01953125 0.0703125
9 0.3828125 0.3375 0.0171875 0.0609375
9 0.3578125 0.328125 0.0140625 0.065625
9 0.40859375 0.315625 0.0171875 0.03984375
9 0.5 0.35546875 0.0171875 0.0375
9 0.55703125 0.3859375 0.0140625 0.08046875
9 0.50546875 0.315625 0.0140625 0.04375
9 0.47421875 0.325 0.01484375 0.075
9 0.453125 0.328125 0.01796875 0.06640625
9 0.44296875 0.30625 0.01328125 0.065625
9 0.43203125 0.3609375 0.01953125 0.0765625
9 0.41953125 0.26640625 0.02265625 0.08203125
9 0.4609375 0.2703125 0.009375 0.04140625
9 0.47578125 0.27265625 0.0109375 0.0375
9 0.49375 0.28203125 0.0125 0.059375
9 0.525 0.27421875 0.00859375 0.0390625
9 0.540625 0.240625 0.0109375 0.0609375
9 0.53046875 0.225 0.0109375 0.05625
9 0.52734375 0.32109375 0.01015625 0.05
9 0.59609375 0.34765625 0.0140625 0.06171875
9 0.5859375 0.38046875 0.01796875 0.0671875
9 0.61953125 0.21328125 0.01015625 0.06171875
9 0.61875 0.1625 0.01328125 0.046875
9 0.63671875 0.0859375 0.00859375 0.0375
9 0.565625 0.11484375 0.0109375 0.04296875
9 0.53671875 0.14453125 0.0125 0.0421875
9 0.7578125 0.05625 0.00859375 0.0375
9 0.746875 0.03046875 0.00703125 0.0359375
9 0.69296875 0.053125 0.00703125 0.03515625
9 0.7125 0.02734375 0.00703125 0.03828125
9 0.78515625 0.05625 0.0078125 0.0375
9 0.8765625 0.20859375 0.02265625 0.06328125
8 0.90625 0.30625 0.11875 0.1140625
8 0.828125 0.0921875 0.0421875 0.05859375
8 0.6453125 0.34609375 0.05078125 0.10546875
8 0.66328125 0.2484375 0.0421875 0.08046875
8 0.5921875 0.284375 0.0546875 0.1125
8 0.57734375 0.190625 0.046875 0.0875
8 0.66796875 0.16875 0.0328125 0.0828125
8 0.68203125 0.134375 0.03125 0.0640625
9 0.35234375 0.61953125 0.03828125 0.12578125
9 0.42421875 0.62734375 0.03046875 0.121875
9 0.396875 0.55703125 0.03203125 0.103125
0 0.4609375 0.61328125 0.02109375 0.15546875
0 0.50625 0.63671875 0.0265625 0.15390625