9 0.5671875 0.73828125 0.06875 0.0765625
9 0.58984375 0.84375 0.0671875 0.0578125
9 0.63828125 0.7015625 0.0453125 0.0375
9 0.6640625 0.54765625 0.0390625 0.0359375
9 0.69765625 0.58046875 0.025 0.0234375
9 0.70234375 0.6125 0.0234375 0.0203125
9 0.7125 0.53125 0.0203125 0.0171875
9 0.72734375 0.496875 0.0171875 0.0109375
9 0.73046875 0.484375 0.0171875 0.0140625
9 0.74453125 0.47734375 0.0140625 0.0109375
8 0.64375 0.48984375 0.04375 0.0703125
8 0.62890625 0.59453125 0.053125 0.0890625
8 0.5796875 0.49140625 0.0796875 0.1171875
8 0.71171875 0.484375 0.025 0.034375
8 0.71328125 0.43671875 0.015625 0.025
3 0.7 0.453125 0.0359375 0.0359375
3 0.73046875 0.4546875 0.0265625 0.034375
3 0.740625 0.4328125 0.0140625 0.0171875
8 0.74609375 0.496875 0.0109375 0.0171875
8 0.75546875 0.48046875 0.0109375 0.015625