1 0.7875 0.296875 0.425 0.53125
8 0.4328125 0.85234375 0.0984375 0.1140625
8 0.296875 0.71796875 0.0578125 0.0828125
8 0.25546875 0.8171875 0.0375 0.0484375
8 0.23046875 0.70234375 0.0375 0.0421875
8 0.21953125 0.8171875 0.0234375 0.03125
8 0.1953125 0.7046875 0.01875 0.0265625
8 0.1875 0.72265625 0.0125 0.021875
8 0.18671875 0.7796875 0.01875 0.0234375
8 0.17421875 0.79375 0.0125 0.0234375
8 0.1703125 0.74609375 0.015625 0.01875
3 0.1609375 0.78828125 0.021875 0.021875
3 0.1765625 0.72265625 0.01875 0.0234375