9 0.515625 0.7265625 0.04921875 0.08203125
9 0.575 0.66484375 0.0453125 0.06328125
9 0.48984375 0.57578125 0.02578125 0.0375
9 0.52265625 0.5734375 0.02109375 0.0375
9 0.4921875 0.55 0.01875 0.02734375
9 0.53828125 0.5453125 0.0234375 0.03125
9 0.5078125 0.5078125 0.0171875 0.02578125
8 0.47265625 0.50703125 0.02890625 0.02890625
8 0.428125 0.50703125 0.0328125 0.025
8 0.43359375 0.48046875 0.0328125 0.01953125
8 0.37421875 0.6859375 0.1296875 0.11328125
7 0.415625 0.54609375 0.065625 0.06171875