9 0.51953125 0.925 0.0578125 0.0453125
9 0.43125 0.42890625 0.053125 0.046875
9 0.4265625 0.471875 0.046875 0.0390625
9 0.39921875 0.5203125 0.0375 0.03125
9 0.38125 0.53046875 0.0328125 0.0265625
9 0.3671875 0.521875 0.0265625 0.025
9 0.35703125 0.5640625 0.0265625 0.0203125
9 0.3484375 0.584375 0.025 0.0203125
9 0.34453125 0.546875 0.0234375 0.0171875
8 0.48359375 0.81640625 0.0734375 0.096875
8 0.40078125 0.625 0.046875 0.05625
8 0.37578125 0.62109375 0.0328125 0.0421875
8 0.36015625 0.61484375 0.0328125 0.03125
3 0.45 0.634375 0.0828125 0.08125
8 0.425 0.52890625 0.0625 0.0734375
3 0.34296875 0.61796875 0.0328125 0.0328125