9 0.08359375 0.75 0.140625 0.315625
9 0.2484375 0.78984375 0.2140625 0.4015625
9 0.34296875 0.67109375 0.096875 0.1953125
9 0.475 0.6421875 0.0828125 0.1453125
9 0.5359375 0.61484375 0.05 0.1015625
9 0.50234375 0.61015625 0.0359375 0.0828125
9 0.6 0.60703125 0.0578125 0.10625
9 0.65390625 0.61328125 0.0796875 0.1421875
9 0.6828125 0.5921875 0.0453125 0.0921875
9 0.76640625 0.59453125 0.06875 0.13125
9 0.81796875 0.59609375 0.0765625 0.15625
9 0.41953125 0.61875 0.04375 0.0796875
9 0.38828125 0.62265625 0.0421875 0.078125
8 0.57265625 0.60078125 0.0625 0.0796875
8 0.7140625 0.54453125 0.1078125 0.1234375